
Component 1
Vects: 
4.68054   -42.6284   -49.4601
12.2488   -48.2243   -49.4602
-8.9974   28.7944   -27.8587
-13.9949   25.1536   -32.1333
-19.1519   -39.9996   -34.2041
-12.6818   -36.1883   -38.0254

Faces: 
0   1   2
2   1   3
3   1   4
4   1   0
2   5   0
3   5   2
4   5   3
0   5   4

Component 2
Vects: 
20.0406   42.2297   -22.5838
26.5679   36.8026   -21.4615
34.3577   -11.4939   -25.0686
28.851   -15.1139   -26.653
-41.2829   -24.3429   -35.4188
-39.0763   -24.7545   -38.7226

Faces: 
6   7   8
8   7   9
9   7   10
10   7   6
8   11   6
9   11   8
10   11   9
6   11   10

Component 3
Vects: 
-5.43362   -40.8969   -44.2922
-0.914785   -43.6167   -39.4769
15.081   -23.4053   -25.6104
13.9382   -21.2553   -26.2868
2.0757   -23.5539   -42.996
-4.45872   -19.2606   -44.8907

Faces: 
12   13   14
14   13   15
15   13   16
16   13   12
14   17   12
15   17   14
16   17   15
12   17   16

Component 4
Vects: 
-7.04457   11.0573   -48.9848
-4.41012   14.4482   -44.5461
-32.1312   8.20807   -44.5675
-34.0854   10.9321   -49.4599
0.524249   -14.056   -44.8379
6.18874   -9.15018   -44.843

Faces: 
18   19   20
20   19   21
21   19   22
22   19   18
20   23   18
21   23   20
22   23   21
18   23   22

Component 5
Vects: 
36.3115   -12.5573   -49.4601
42.3955   -17.826   -49.4602
-24.936   -35.6087   -22.9194
-25.4914   -37.041   -22.4382
-30.0165   13.3414   -27.9811
-24.801   13.2834   -32.9817

Faces: 
24   25   26
26   25   27
27   25   28
28   25   24
26   29   24
27   29   26
28   29   27
24   29   28

Component 6
Vects: 
-32.2599   -19.4023   -32.6461
-36.5979   -19.1409   -38.0292
-27.6344   -22.3628   -31.8886
-30.9219   -18.4269   -35.8301
-4.15871   20.3379   -35.7362
-3.40949   24.2659   -34.664

Faces: 
30   31   32
32   31   33
33   31   34
34   31   30
32   35   30
33   35   32
34   35   33
30   35   34

Component 7
Vects: 
-11.6187   29.1794   -47.4269
-3.96617   25.1658   -43.6528
-33.2002   -34.0902   -42.162
-36.3293   -31.071   -38.1102
-34.0747   18.1771   -40.2633
-35.2367   23.7601   -41.0414

Faces: 
36   37   38
38   37   39
39   37   40
40   37   36
38   41   36
39   41   38
40   41   39
36   41   40

Component 8
Vects: 
-35.8604   27.8266   -21.8323
-32.7834   27.3947   -24.1933
-6.90897   -16.9869   -39.3376
0.880461   -21.8583   -42.2128
-6.47236   -37.2609   -45.1296
-4.88651   -37.8644   -46.5009

Faces: 
42   43   44
44   43   45
45   43   46
46   43   42
44   47   42
45   47   44
46   47   45
42   47   46

Component 9
Vects: 
2.85179   -48.6481   -43.8677
4.19049   -47.7485   -46.1069
9.07069   27.5492   -37.7469
16.7335   32.5737   -35.1485
21.0029   -3.3821   -34.4209
18.5492   -5.71843   -30.2666

Faces: 
48   49   50
50   49   51
51   49   52
52   49   48
50   53   48
51   53   50
52   53   51
48   53   52

Component 10
Vects: 
9.21522   -26.177   -47.2172
15.1879   -30.6754   -44.068
15.2852   43.4694   -28.3872
11.1265   42.8475   -23.2518
10.9698   -2.41217   -49.4604
4.51288   3.17963   -49.46

Faces: 
54   55   56
56   55   57
57   55   58
58   55   54
56   59   54
57   59   56
58   59   57
54   59   58

Component 11
Vects: 
-10.9996   -4.64946   -38.7051
-15.5685   -0.837951   -34.8325
-42.1604   -11.8539   -47.391
-46.0444   -10.04   -49.46
-29.6951   26.4859   -44.4386
-30.1616   27.6082   -39.1291

Faces: 
60   61   62
62   61   63
63   61   64
64   61   60
62   65   60
63   65   62
64   65   63
60   65   64

Component 12
Vects: 
14.5735   25.461   -39.0451
21.8924   26.4855   -33.5318
-18.3253   -45.8687   -25.2295
-19.3567   -43.1517   -22.9951
18.9671   24.6952   -32.1745
26.6987   29.0131   -28.7978

Faces: 
66   67   68
68   67   69
69   67   70
70   67   66
68   71   66
69   71   68
70   71   69
66   71   70

Component 13
Vects: 
-21.3173   -11.3662   -37.1932
-14.771   -15.2823   -34.6755
2.75102   24.6497   -30.2412
2.78009   24.9737   -32.4108
41.0762   5.33377   -23.4115
36.5081   4.2071   -28.4044

Faces: 
72   73   74
74   73   75
75   73   76
76   73   72
74   77   72
75   77   74
76   77   75
72   77   76

Component 14
Vects: 
12.7535   34.5206   -36.8075
10.1397   30.5175   -32.8908
-17.8192   19.5082   -49.0926
-16.6133   18.1643   -49.4601
-1.03567   5.68115   -33.0153
-3.82797   5.11547   -36.0016

Faces: 
78   79   80
80   79   81
81   79   82
82   79   78
80   83   78
81   83   80
82   83   81
78   83   82

Component 15
Vects: 
-43.4135   5.18131   -43.4869
-48.6536   7.42423   -40.3369
-33.61   20.8951   -34.211
-29.6708   24.1664   -36.8303
-0.61348   -28.4032   -44.2312
-6.09819   -29.8508   -49.4601

Faces: 
84   85   86
86   85   87
87   85   88
88   85   84
86   89   84
87   89   86
88   89   87
84   89   88

Component 16
Vects: 
-39.14   -17.4832   -44.8412
-41.1059   -19.1857   -44.8412
-39.2876   17.8119   -45.7111
-33.1026   16.5617   -40.2868
-41.0227   -19.9795   -34.6865
-45.6327   -19.7765   -31.3495

Faces: 
90   91   92
92   91   93
93   91   94
94   91   90
92   95   90
93   95   92
94   95   93
90   95   94

Component 17
Vects: 
-16.1552   37.726   -41.6265
-22.2826   41.4251   -38.4464
-14.8785   15.5473   -49.4599
-8.35212   9.89544   -49.4605
-36.07   3.29693   -40.8114
-31.19   -1.22712   -43.0107

Faces: 
96   97   98
98   97   99
99   97   100
100   97   96
98   101   96
99   101   98
100   101   99
96   101   100

Component 18
Vects: 
-9.76056   15.4064   -36.3273
-3.70281   18.6127   -32.9577
-17.2947   -29.1856   -44.8421
-11.8516   -27.381   -49.4606
-7.43174   -44.0077   -27.0196
-5.63207   -44.2717   -25.5483

Faces: 
102   103   104
104   103   105
105   103   106
106   103   102
104   107   102
105   107   104
106   107   105
102   107   106

Component 19
Vects: 
-4.10807   33.1079   -44.191
-8.43695   29.4922   -48.2798
23.6747   -42.2969   -41.9431
18.8383   -40.0457   -36.8068
-6.48284   -27.3621   -44.4891
-12.8192   -26.1927   -49.4602

Faces: 
108   109   110
110   109   111
111   109   112
112   109   108
110   113   108
111   113   110
112   113   111
108   113   112

Component 20
Vects: 
27.9627   23.338   -19.6791
32.6577   24.0019   -24.1866
-29.5816   6.73725   -27.225
-24.6207   9.42112   -31.4743
-9.36406   29.7441   -28.8345
-2.09251   25.1822   -31.285

Faces: 
114   115   116
116   115   117
117   115   118
118   115   114
116   119   114
117   119   116
118   119   117
114   119   118

Component 21
Vects: 
-25.0431   39.4734   -39.3971
-30.0916   33.8539   -39.9439
17.1094   -35.1789   -44.8411
20.1402   -32.5544   -44.8415
-2.59945   46.597   -49.4607
0.554197   43.7369   -44.8416

Faces: 
120   121   122
122   121   123
123   121   124
124   121   120
122   125   120
123   125   122
124   125   123
120   125   124

Component 22
Vects: 
-4.2476   47.6408   -30.1183
-7.40231   42.7683   -27.5621
-27.8722   -18.3154   -49.4599
-22.876   -22.6421   -49.4605
22.5363   31.0426   -49.46
23.4363   32.4181   -47.2622

Faces: 
126   127   128
128   127   129
129   127   130
130   127   126
128   131   126
129   131   128
130   131   129
126   131   130

Component 23
Vects: 
30.2311   -19.7706   -45.193
36.3531   -20.5161   -49.4599
-18.5099   38.0377   -18.1459
-25.3432   34.2462   -21.146
22.4617   29.8009   -29.5043
28.5233   33.4545   -25.8885

Faces: 
132   133   134
134   133   135
135   133   136
136   133   132
134   137   132
135   137   134
136   137   135
132   137   136

Component 24
Vects: 
-3.29947   -39.9964   -44.6139
3.42419   -34.447   -44.614
-2.88442   2.7643   -49.46
-6.69872   6.06773   -49.4602
-30.1466   -0.775922   -44.7298
-30.4265   2.55392   -49.2887

Faces: 
138   139   140
140   139   141
141   139   142
142   139   138
140   143   138
141   143   140
142   143   141
138   143   142

Component 25
Vects: 
41.8911   22.166   -34.7589
35.5028   26.5214   -33.4142
35.6084   -15.669   -37.1902
28.1176   -17.0186   -31.8704
38.9706   -19.834   -46.4419
44.2504   -24.3896   -49.4606

Faces: 
144   145   146
146   145   147
147   145   148
148   145   144
146   149   144
147   149   146
148   149   147
144   149   148

Component 26
Vects: 
-14.6215   18.2059   -26.8221
-20.2758   20.4837   -22.5723
-1.63792   -34.2717   -34.1019
4.38138   -38.164   -30.655
-21.7087   7.28497   -37.7171
-25.4292   6.99538   -33.4723

Faces: 
150   151   152
152   151   153
153   151   154
154   151   150
152   155   150
153   155   152
154   155   153
150   155   154

Component 27
Vects: 
-11.6939   30.5855   -38.8101
-13.0267   31.2531   -43.7625
33.0732   -12.4422   -22.7484
33.2468   -14.3794   -22.2625
15.771   15.5396   -31.9556
17.2299   12.1862   -32.1042

Faces: 
156   157   158
158   157   159
159   157   160
160   157   156
158   161   156
159   161   158
160   161   159
156   161   160

Component 28
Vects: 
-8.71975   13.4442   -26.4386
-11.0394   16.541   -22.0342
19.7082   24.8987   -44.8411
13.1769   24.9467   -49.46
10.1585   44.9874   -44.545
11.2428   44.0533   -44.3405

Faces: 
162   163   164
164   163   165
165   163   166
166   163   162
164   167   162
165   167   164
166   167   165
162   167   166

Component 29
Vects: 
28.8216   37.4907   -39.1594
27.1776   40.011   -43.2442
41.6274   -24.486   -43.7066
37.7335   -24.308   -38.193
10.8681   21.9783   -22.5018
5.39309   23.5167   -26.3558

Faces: 
168   169   170
170   169   171
171   169   172
172   169   168
170   173   168
171   173   170
172   173   171
168   173   172

Component 30
Vects: 
-28.0451   30.1585   -24.9004
-26.2356   33.9886   -21.4
-37.5846   26.9583   -39.0283
-38.6304   26.174   -41.4896
-1.16338   5.56575   -45.0904
-0.636415   2.4635   -42.6613

Faces: 
174   175   176
176   175   177
177   175   178
178   175   174
176   179   174
177   179   176
178   179   177
174   179   178

Component 31
Vects: 
17.7708   0.928371   -32.9878
12.9425   -2.56144   -33.662
19.6561   10.4175   -45.3859
24.9962   7.34778   -49.4604
-39.1042   33.2647   -39.5966
-32.8844   29.3518   -36.6188

Faces: 
180   181   182
182   181   183
183   181   184
184   181   180
182   185   180
183   185   182
184   185   183
180   185   184

Component 32
Vects: 
-19.5609   -22.7646   -25.0928
-12.3915   -17.9082   -26.8605
6.5548   -19.9708   -35.8335
14.2652   -21.5465   -41.1994
4.47046   -41.524   -25.2156
-1.56267   -36.1336   -23.5056

Faces: 
186   187   188
188   187   189
189   187   190
190   187   186
188   191   186
189   191   188
190   191   189
186   191   190

Component 33
Vects: 
-15.5137   -23.9477   -37.0804
-22.6286   -27.4183   -32.617
1.8648   4.18996   -27.3397
-4.00002   5.48997   -22.2578
30.3246   1.53569   -33.046
37.4245   -1.95016   -29.4045

Faces: 
192   193   194
194   193   195
195   193   196
196   193   192
194   197   192
195   197   194
196   197   195
192   197   196

Component 34
Vects: 
-32.6386   -9.75978   -32.0048
-26.7206   -9.59635   -36.4318
-4.81876   -11.0052   -36.1741
-10.9024   -6.21667   -36.6583
27.7105   -10.9941   -25.2889
34.2187   -9.6144   -29.6842

Faces: 
198   199   200
200   199   201
201   199   202
202   199   198
200   203   198
201   203   200
202   203   201
198   203   202

Component 35
Vects: 
5.46471   22.2544   -34.2603
8.38873   17.7616   -32.6492
-36.5684   -6.84849   -38.0455
-44.0887   -12.1546   -38.5014
-8.25586   -41.9614   -35.3769
-13.1745   -42.1623   -39.4206

Faces: 
204   205   206
206   205   207
207   205   208
208   205   204
206   209   204
207   209   206
208   209   207
204   209   208

Component 36
Vects: 
9.23948   -9.36851   -49.46
7.65638   -8.56546   -44.654
-9.67333   -16.4322   -35.8579
-12.8531   -13.9431   -38.8676
-35.5728   -30.246   -49.4598
-41.0561   -26.3912   -46.0359

Faces: 
210   211   212
212   211   213
213   211   214
214   211   210
212   215   210
213   215   212
214   215   213
210   215   214

Component 37
Vects: 
-4.8879   29.657   -20.9789
-9.73064   32.8485   -24.848
7.30623   25.3662   -32.068
7.13263   28.3311   -31.4482
-17.8202   -39.664   -40.5122
-16.1576   -44.9337   -38.9592

Faces: 
216   217   218
218   217   219
219   217   220
220   217   216
218   221   216
219   221   218
220   221   219
216   221   220

Component 38
Vects: 
16.2684   -10.2548   -42.2513
19.0297   -8.82136   -38.8987
-5.71601   -9.15133   -40.4842
-11.9135   -12.109   -37.1873
40.2413   -3.44889   -19.9001
40.8195   -3.0021   -19.8835

Faces: 
222   223   224
224   223   225
225   223   226
226   223   222
224   227   222
225   227   224
226   227   225
222   227   226

Component 39
Vects: 
22.8988   -5.02619   -34.2832
27.916   -6.88024   -29.3945
19.9448   -16.0754   -43.9685
26.3111   -21.5809   -43.6002
24.8855   13.7945   -28.8941
18.4231   18.053   -25.5215

Faces: 
228   229   230
230   229   231
231   229   232
232   229   228
230   233   228
231   233   230
232   233   231
228   233   232

Component 40
Vects: 
-5.06128   6.96533   -40.0923
-7.47239   11.7567   -40.1079
10.7085   -48.8791   -35.7973
4.82118   -46.3997   -30.7129
-20.9272   17.5409   -35.286
-18.845   19.3693   -37.6153

Faces: 
234   235   236
236   235   237
237   235   238
238   235   234
236   239   234
237   239   236
238   239   237
234   239   238

Component 41
Vects: 
33.3083   -25.5147   -25.5226
25.3572   -31.0279   -24.2685
39.389   26.6299   -38.6858
39.0904   27.6837   -40.2788
-36.5363   21.8008   -27.372
-29.0572   21.7376   -32.7281

Faces: 
240   241   242
242   241   243
243   241   244
244   241   240
242   245   240
243   245   242
244   245   243
240   245   244

Component 42
Vects: 
17.2889   -33.0622   -27.9842
25.1984   -38.611   -28.9976
-16.6781   -30.6445   -37.5475
-23.8887   -34.7277   -41.2802
27.7539   -35.6894   -45.1426
19.7761   -30.2194   -46.5231

Faces: 
246   247   248
248   247   249
249   247   250
250   247   246
248   251   246
249   251   248
250   251   249
246   251   250

Component 43
Vects: 
32.1162   -19.3776   -24.224
37.656   -24.4546   -24.6252
-2.43813   -46.9477   -22.3806
20.0135   41.0888   -25.5257
-0.362563   -49.4476   -21.9948
14.2917   41.2045   -19.9591

Faces: 
252   253   254
254   253   255
255   253   256
256   253   252
254   257   252
255   257   254
256   257   255
252   257   256

Component 44
Vects: 
12.2391   -42.8509   -37.8924
17.0364   -46.2691   -37.4175
-3.6804   44.0488   -22.5604
-6.76781   43.7589   -18.8447
31.5151   4.49579   -33.2597
27.2453   1.12406   -34.1912

Faces: 
258   259   260
260   259   261
261   259   262
262   259   258
260   263   258
261   263   260
262   263   261
258   263   262

Component 45
Vects: 
-18.5404   35.7903   -25.2535
-10.9555   39.9094   -28.7006
-22.7519   45.703   -34.4598
-18.1062   43.3132   -31.8399
35.7129   23.0782   -43.2052
30.8776   27.0565   -40.9919

Faces: 
264   265   266
266   265   267
267   265   268
268   265   264
266   269   264
267   269   266
268   269   267
264   269   268

Component 46
Vects: 
-26.4568   33.8934   -33.6317
-22.3554   30.3608   -30.416
20.6131   -20.6547   -49.4601
21.6357   -21.5404   -49.46
-12.8883   -22.0146   -28.6121
-14.0891   -21.9337   -30.9864

Faces: 
270   271   272
272   271   273
273   271   274
274   271   270
272   275   270
273   275   272
274   275   273
270   275   274

Component 47
Vects: 
22.2921   -14.2665   -27.323
19.031   -13.2492   -32.832
-14.0671   48.5327   -28.7568
-6.31853   43.0498   -28.6826
7.35761   23.0209   -35.5458
8.77849   23.8415   -33.2217

Faces: 
276   277   278
278   277   279
279   277   280
280   277   276
278   281   276
279   281   278
280   281   279
276   281   280

Component 48
Vects: 
-40.4124   -2.80887   -38.5656
-40.5507   -3.15612   -37.381
34.4717   17.0591   -30.1248
28.89   14.5028   -33.1944
-6.76235   -3.76243   -37.3009
-8.68165   -5.39442   -36.3831

Faces: 
282   283   284
284   283   285
285   283   286
286   283   282
284   287   282
285   287   284
286   287   285
282   287   286

Component 49
Vects: 
35.9013   -11.3573   -27.8266
38.147   -9.67961   -27.4962
43.5413   -5.10975   -41.8405
44.2805   -3.24464   -39.0063
41.7651   -8.78985   -38.2149
47.3456   -10.7747   -33.9528

Faces: 
288   289   290
290   289   291
291   289   292
292   289   288
290   293   288
291   293   290
292   293   291
288   293   292

Component 50
Vects: 
27.2577   -24.3466   -24.7503
27.5293   -22.2111   -22.884
29.9105   31.761   -40.7175
30.04   29.49   -37.6675
3.3016   -7.48221   -30.7211
0.813296   -5.98569   -26.6087

Faces: 
294   295   296
296   295   297
297   295   298
298   295   294
296   299   294
297   299   296
298   299   297
294   299   298

Component 51
Vects: 
1.16328   -17.722   -43.8414
7.66107   -23.2454   -43.7192
-13.7672   -36.0339   -31.2627
-18.4376   -33.4394   -33.9584
48.2502   3.21919   -44.9561
43.8944   5.97477   -49.4599

Faces: 
300   301   302
302   301   303
303   301   304
304   301   300
302   305   300
303   305   302
304   305   303
300   305   304

Component 52
Vects: 
15.4508   23.3855   -30.7204
7.68547   24.2919   -25.1516
-20.006   34.4777   -36.0243
-14.5973   32.3748   -32.672
20.9283   -0.784754   -43.194
20.9001   4.37321   -41.4621

Faces: 
306   307   308
308   307   309
309   307   310
310   307   306
308   311   306
309   311   308
310   311   309
306   311   310

Component 53
Vects: 
-22.9192   34.8699   -34.9524
-18.3415   32.5609   -37.5906
28.2221   14   -33.2526
23.7127   16.4929   -35.5171
-25.9024   27.1565   -44.8412
-32.3176   21.601   -44.8414

Faces: 
312   313   314
314   313   315
315   313   316
316   313   312
314   317   312
315   317   314
316   317   315
312   317   316

Component 54
Vects: 
-26.3219   -32.2442   -34.6484
-29.8732   -35.768   -31.3275
-10.548   -14.1068   -42.0383
-16.0798   -16.4192   -38.7148
31.2556   -32.3799   -36.2965
24.7683   -27.8897   -35.3492

Faces: 
318   319   320
320   319   321
321   319   322
322   319   318
320   323   318
321   323   320
322   323   321
318   323   322

Component 55
Vects: 
-9.34529   -16.4683   -44.5355
-6.42028   -13.1111   -48.9658
16.7776   12.5264   -34.8792
23.9638   7.46325   -33.1556
26.9601   19.8533   -45.2459
32.9042   15.663   -44.8773

Faces: 
324   325   326
326   325   327
327   325   328
328   325   324
326   329   324
327   329   326
328   329   327
324   329   328

Component 56
Vects: 
31.1678   -12.3484   -44.1778
38.1262   -17.2514   -43.6585
4.9191   43.3447   -42.054
3.53061   46.5972   -44.2703
18.6952   -25.9228   -29.8102
18.2519   -22.9835   -27.4463

Faces: 
330   331   332
332   331   333
333   331   334
334   331   330
332   335   330
333   335   332
334   335   333
330   335   334

Component 57
Vects: 
17.0312   35.9425   -28.8422
11.0173   40.2028   -29.6016
13.4588   18.8295   -39.905
14.0017   15.3112   -44.2849
-29.6901   -27.7832   -38.6145
-31.4544   -31.1352   -36.1922

Faces: 
336   337   338
338   337   339
339   337   340
340   337   336
338   341   336
339   341   338
340   341   339
336   341   340

Component 58
Vects: 
-26.9084   23.1041   -30.9494
-22.0063   23.6013   -34.4553
-5.78931   -38.5159   -27.0618
-2.55339   -42.4516   -30.9888
22.6333   -39.2931   -22.0749
15.7334   -39.4902   -26.9688

Faces: 
342   343   344
344   343   345
345   343   346
346   343   342
344   347   342
345   347   344
346   347   345
342   347   346

Component 59
Vects: 
28.4206   26.9878   -42.9583
32.8124   30.7349   -44.4826
-10.9082   -48.6214   -45.0411
-5.77216   -43.7998   -44.5203
0.726201   13.6639   -34.2188
-4.67241   12.7525   -38.5412

Faces: 
348   349   350
350   349   351
351   349   352
352   349   348
350   353   348
351   353   350
352   353   351
348   353   352

Component 60
Vects: 
-43.0187   1.80554   -32.0844
-48.953   -3.06927   -29.6461
20.362   -32.0041   -30.9594
17.1265   -28.9097   -31.6634
-36.3498   -12.001   -30.5929
-32.2242   -13.3997   -34.9481

Faces: 
354   355   356
356   355   357
357   355   358
358   355   354
356   359   354
357   359   356
358   359   357
354   359   358

Component 61
Vects: 
12.379   6.09083   -43.5682
14.4652   0.435878   -43.6926
39.9688   22.4854   -29.1631
32.5482   27.7231   -28.8347
-28.9431   30.5335   -39.0045
-34.9084   35.4208   -36.6294

Faces: 
360   361   362
362   361   363
363   361   364
364   361   360
362   365   360
363   365   362
364   365   363
360   365   364

Component 62
Vects: 
-22.8688   -36.5167   -27.1217
-24.6163   -39.1811   -27.3596
21.3389   20.1462   -32.1359
17.6025   22.4596   -30.4035
-15.0174   36.0015   -21.8729
-16.3294   35.5104   -24.6601

Faces: 
366   367   368
368   367   369
369   367   370
370   367   366
368   371   366
369   371   368
370   371   369
366   371   370

Component 63
Vects: 
-20.6474   -10.04   -35.746
-23.4025   -6.53571   -37.4065
19.5819   1.81334   -49.46
16.2532   4.50278   -44.7286
15.2742   -15.8138   -42.9836
17.4576   -14.3439   -40.1534

Faces: 
372   373   374
374   373   375
375   373   376
376   373   372
374   377   372
375   377   374
376   377   375
372   377   376

Component 64
Vects: 
0.670892   -28.0971   -42.9189
5.80841   -23.7639   -46.5463
-6.92281   32.6084   -34.0864
-3.62599   31.4365   -38.9973
30.9043   -34.6732   -37.9351
31.5602   -37.9327   -35.3797

Faces: 
378   379   380
380   379   381
381   379   382
382   379   378
380   383   378
381   383   380
382   383   381
378   383   382

Component 65
Vects: 
-12.4953   -37.2906   -31.6963
-8.4177   -40.3103   -28.4463
-4.72778   12.766   -33.2624
-9.85341   16.744   -30.3281
-41.9771   -7.40087   -39.0701
-34.2439   -9.12471   -33.8625

Faces: 
384   385   386
386   385   387
387   385   388
388   385   384
386   389   384
387   389   386
388   389   387
384   389   388

Component 66
Vects: 
18.9756   -33.0829   -31.0936
18.1607   -36.5974   -28.1599
-27.2823   40.345   -32.0198
-25.5184   38.3692   -26.8839
25.427   32.2082   -45.4239
27.1974   29.2322   -42.5049

Faces: 
390   391   392
392   391   393
393   391   394
394   391   390
392   395   390
393   395   392
394   395   393
390   395   394

Component 67
Vects: 
30.0538   23.2337   -28.6993
32.829   24.9764   -33.4884
15.9788   22.553   -28.8508
10.9292   17.1759   -27.8389
-22.8332   -4.72909   -33.5594
-28.9701   0.273679   -31.4067

Faces: 
396   397   398
398   397   399
399   397   400
400   397   396
398   401   396
399   401   398
400   401   399
396   401   400

Component 68
Vects: 
-10.5745   43.952   -45.6791
-16.4142   38.8793   -44.0024
-38.6219   -10.2186   -49.46
-44.1194   -8.45478   -44.8413
22.9509   24.8209   -38.9957
21.7972   28.4176   -39.5611

Faces: 
402   403   404
404   403   405
405   403   406
406   403   402
404   407   402
405   407   404
406   407   405
402   407   406

Component 69
Vects: 
-37.3825   31.2098   -49.46
-33.4645   28.4337   -49.4601
15.9781   24.8399   -39.2182
10.1826   26.3425   -43.8397
11.0996   -16.6691   -28.366
14.0318   -15.5633   -26.4106

Faces: 
408   409   410
410   409   411
411   409   412
412   409   408
410   413   408
411   413   410
412   413   411
408   413   412

Component 70
Vects: 
7.18624   3.36865   -21.4353
3.42075   2.05864   -25.0518
14.1592   18.7375   -21.5772
11.462   17.5351   -24.4289
-31.1953   34.591   -24.1443
-31.3881   32.8075   -27.9715

Faces: 
414   415   416
416   415   417
417   415   418
418   415   414
416   419   414
417   419   416
418   419   417
414   419   418

Component 71
Vects: 
1.73386   42.5445   -46.4637
7.55087   38.2508   -42.8654
40.7635   6.94897   -32.7493
48.0598   12.1782   -34.5371
7.50927   -3.0595   -31.6881
6.38317   -1.53451   -28.1359

Faces: 
420   421   422
422   421   423
423   421   424
424   421   420
422   425   420
423   425   422
424   425   423
420   425   424

Component 72
Vects: 
-23.3903   41.5467   -32.5962
-30.144   40.5195   -37.2621
-24.9957   -0.54029   -49.1889
-22.3355   2.67764   -44.6677
32.9108   4.75602   -39.0968
36.3571   7.82819   -43.1088

Faces: 
426   427   428
428   427   429
429   427   430
430   427   426
428   431   426
429   431   428
430   431   429
426   431   430

Component 73
Vects: 
-17.4912   -8.33716   -40.8161
-14.7147   -10.7287   -36.5353
15.4427   -33.5661   -43.9117
9.85187   -32.7932   -49.4602
21.7136   -26.9565   -43.1168
25.7552   -22.8206   -39.5983

Faces: 
432   433   434
434   433   435
435   433   436
436   433   432
434   437   432
435   437   434
436   437   435
432   437   436

Component 74
Vects: 
17.5029   -25.4144   -38.8327
18.6439   -26.2007   -40.4463
22.2833   -8.63284   -45.9691
29.8798   -13.6171   -43.4573
28.0216   3.24006   -28.9677
25.2007   -0.284322   -32.2568

Faces: 
438   439   440
440   439   441
441   439   442
442   439   438
440   443   438
441   443   440
442   443   441
438   443   442

Component 75
Vects: 
-12.0117   -36.318   -35.8408
-7.54537   -41.0167   -38.1456
-19.303   -0.769563   -49.3807
-12.909   -6.38103   -49.3535
-14.3805   10.2678   -31.5763
-21.8589   9.31936   -36.9068

Faces: 
444   445   446
446   445   447
447   445   448
448   445   444
446   449   444
447   449   446
448   449   447
444   449   448

Component 76
Vects: 
-30.3278   32.8177   -46.3688
-26.2652   34.1707   -43.8161
26.9723   -43.2121   -49.443
19.0648   -43.2803   -43.794
-20.7042   -29.4093   -38.989
-16.5085   -24.5156   -38.2757

Faces: 
450   451   452
452   451   453
453   451   454
454   451   450
452   455   450
453   455   452
454   455   453
450   455   454

Component 77
Vects: 
-3.90898   0.281962   -35.8256
-0.793271   -2.9324   -34.0362
41.9624   13.7069   -34.0105
45.0567   12.6002   -28.4643
-46.9971   10.0494   -45.0995
-44.1472   6.55343   -49.4634

Faces: 
456   457   458
458   457   459
459   457   460
460   457   456
458   461   456
459   461   458
460   461   459
456   461   460

Component 78
Vects: 
-26.8891   -31.4741   -47.3017
-24.7966   -33.4336   -44.5647
-17.701   -31.95   -34.2922
-13.2838   -33.678   -39.169
-33.8332   10.9871   -25.8213
-40.1099   8.08401   -29.8784

Faces: 
462   463   464
464   463   465
465   463   466
466   463   462
464   467   462
465   467   464
466   467   465
462   467   466

Component 79
Vects: 
10.1532   37.3445   -48.0645
15.8137   39.0744   -42.6846
42.1895   -18.9526   -39.6789
42.7048   -19.8119   -34.0886
6.32694   15.9346   -34.2816
-1.15085   18.3516   -39.2262

Faces: 
468   469   470
470   469   471
471   469   472
472   469   468
470   473   468
471   473   470
472   473   471
468   473   472

Component 80
Vects: 
24.562   36.1132   -30.2991
24.7386   40.215   -32.583
44.5625   -5.07887   -22.3552
49.1371   -4.01567   -25.4176
-5.10237   -5.3195   -34.2816
1.56474   -9.29676   -31.1763

Faces: 
474   475   476
476   475   477
477   475   478
478   475   474
476   479   474
477   479   476
478   479   477
474   479   478

Component 81
Vects: 
41.4586   13.3909   -34.1468
45.7893   18.0331   -32.9427
-7.65223   -45.6854   -28.1121
-5.66997   -48.6596   -32.4163
3.33693   -20.6197   -32.3331
0.858863   -22.3786   -34.9855

Faces: 
480   481   482
482   481   483
483   481   484
484   481   480
482   485   480
483   485   482
484   485   483
480   485   484

Component 82
Vects: 
-0.296181   43.8593   -35.6869
2.37181   43.3728   -33.8613
30.2891   3.7599   -27.9782
37.2801   8.96425   -26.8434
10.2814   -1.57756   -49.4499
16.4721   -0.529107   -44.8346

Faces: 
486   487   488
488   487   489
489   487   490
490   487   486
488   491   486
489   491   488
490   491   489
486   491   490

Component 83
Vects: 
2.76825   -3.89064   -44.1689
-4.35102   -9.2717   -44.168
0.608327   -27.6871   -39.2107
-0.362824   -28.8026   -38.3707
-32.4517   9.87199   -41.4782
-28.8195   9.67106   -44.0912

Faces: 
492   493   494
494   493   495
495   493   496
496   493   492
494   497   492
495   497   494
496   497   495
492   497   496

Component 84
Vects: 
-12.4173   3.96148   -42.6681
-5.91781   6.49012   -38.4034
35.0018   -13.4325   -49.4604
31.45   -10.036   -45.1199
-26.9115   -26.9287   -30.7119
-22.8472   -28.9773   -26.1113

Faces: 
498   499   500
500   499   501
501   499   502
502   499   498
500   503   498
501   503   500
502   503   501
498   503   502

Component 85
Vects: 
40.0904   13.6816   -44.8413
46.3246   14.6565   -49.4601
42.1364   -21.1955   -33.1986
35.9302   -25.4689   -35.8053
4.17901   -5.69975   -40.0503
2.31081   -8.32771   -43.838

Faces: 
504   505   506
506   505   507
507   505   508
508   505   504
506   509   504
507   509   506
508   509   507
504   509   508

Component 86
Vects: 
-33.795   20.9923   -49.4501
-6.10364   -30.7939   -39.934
-36.1692   23.0146   -49.4603
-6.59635   -25.5346   -41.9963
-19.0007   34.7076   -39.1455
-13.9992   36.7839   -36.1713

Faces: 
510   511   512
512   511   513
513   511   514
514   511   510
512   515   510
513   515   512
514   515   513
510   515   514

Component 87
Vects: 
-8.78732   -2.50609   -29.519
-9.1165   -4.71983   -30.3113
4.02075   49.1799   -31.6132
1.69576   48.8388   -33.9589
-18.0448   17.2856   -34.5099
-12.0386   12.5976   -31.8045

Faces: 
516   517   518
518   517   519
519   517   520
520   517   516
518   521   516
519   521   518
520   521   519
516   521   520

Component 88
Vects: 
-32.7264   -6.76082   -31.8225
-36.4655   -3.09781   -28.5192
35.6135   -28.0407   -43.8398
35.2757   -27.3708   -43.3665
-36.9198   14.1998   -46.3418
-40.1887   13.7157   -49.4601

Faces: 
522   523   524
524   523   525
525   523   526
526   523   522
524   527   522
525   527   524
526   527   525
522   527   526

Component 89
Vects: 
17.9241   -6.41401   -44.3248
12.4255   -2.34044   -43.8006
37.2857   16.5583   -38.7846
31.4452   19.6001   -35.9434
-1.85796   41.6033   -44.334
-9.55053   36.2866   -42.511

Faces: 
528   529   530
530   529   531
531   529   532
532   529   528
530   533   528
531   533   530
532   533   531
528   533   532

Component 90
Vects: 
-30.192   32.5968   -41.3021
-37.0898   36.2698   -44.9622
0.00111324   -46.3388   -22.8163
1.08764   -45.6802   -23.5573
33.6058   17.3932   -49.4601
41.3301   16.2341   -43.9328

Faces: 
534   535   536
536   535   537
537   535   538
538   535   534
536   539   534
537   539   536
538   539   537
534   539   538

Component 91
Vects: 
45.2171   -8.6998   -38.9408
44.8705   -11.5225   -43.8411
-16.8738   -36.918   -44.8129
-21.7435   -34.7759   -49.4171
-14.3218   -47.4674   -41.3076
-10.2254   -42.7771   -39.419

Faces: 
540   541   542
542   541   543
543   541   544
544   541   540
542   545   540
543   545   542
544   545   543
540   545   544

Component 92
Vects: 
34.2708   -27.9889   -37.7199
35.9433   -30.7131   -32.9512
24.2758   22.291   -31.5267
26.7922   19.7119   -28.9118
-35.2561   30.0482   -27.2924
-36.0147   31.592   -32.5851

Faces: 
546   547   548
548   547   549
549   547   550
550   547   546
548   551   546
549   551   548
550   551   549
546   551   550

Component 93
Vects: 
-22.3871   37.1958   -25.6772
-20.8371   42.5873   -25.7601
-8.18003   26.2557   -36.5707
-8.51985   23.8321   -32.4442
18.6015   34.6589   -36.7346
25.1835   33.9787   -42.2565

Faces: 
552   553   554
554   553   555
555   553   556
556   553   552
554   557   552
555   557   554
556   557   555
552   557   556

Component 94
Vects: 
-40.5468   -10.0504   -48.2573
-35.3012   -10.4015   -44.1808
20.6574   -27.1595   -39.2223
16.3569   -29.6176   -43.8415
15.4596   -28.6805   -44.8411
19.5887   -25.105   -44.8415

Faces: 
558   559   560
560   559   561
561   559   562
562   559   558
560   563   558
561   563   560
562   563   561
558   563   562

Component 95
Vects: 
-13.0187   23.2611   -42.2143
-13.0728   26.6289   -39.6862
23.8442   -42.1438   -20.772
27.6915   -39.8084   -24.7293
21.9186   -14.4495   -22.5885
28.1413   -13.99   -27.7804

Faces: 
564   565   566
566   565   567
567   565   568
568   565   564
566   569   564
567   569   566
568   569   567
564   569   568

Component 96
Vects: 
-29.0928   -36.4551   -44.8405
-30.4855   -33.2652   -49.46
47.9281   11.4897   -40.794
43.6099   10.7772   -44.219
14.6855   -37.362   -43.0818
12.3815   -36.0101   -42.1486

Faces: 
570   571   572
572   571   573
573   571   574
574   571   570
572   575   570
573   575   572
574   575   573
570   575   574

Component 97
Vects: 
41.2629   9.58498   -49.4603
43.7723   12.383   -44.6723
8.71802   -32.5733   -43.2853
5.46986   -35.503   -40.118
-37.8011   20.3416   -38.67
-32.4513   17.4681   -35.7462

Faces: 
576   577   578
578   577   579
579   577   580
580   577   576
578   581   576
579   581   578
580   581   579
576   581   580

Component 98
Vects: 
47.0436   1.26374   -25.9754
40.0951   0.939305   -21.0465
-35.0701   8.12415   -40.9406
-40.5826   10.4603   -37.7488
10.929   42.4727   -34.0737
6.87691   45.7224   -33.8885

Faces: 
582   583   584
584   583   585
585   583   586
586   583   582
584   587   582
585   587   584
586   587   585
582   587   586

Component 99
Vects: 
-33.3916   0.808136   -25.51
-38.1609   -1.55827   -23.021
-41.4892   22.0882   -44.8413
-40.3917   23.0388   -44.8415
-37.7959   -22.4524   -31.2583
-36.5338   -19.7183   -29.6269

Faces: 
588   589   590
590   589   591
591   589   592
592   589   588
590   593   588
591   593   590
592   593   591
588   593   592

Component 100
Vects: 
-1.48591   -30.9064   -34.1694
-2.98868   -29.3992   -35.4743
-12.0697   27.3717   -25.1754
-14.0763   29.4063   -26.2724
48.5113   5.31711   -28.814
42.8652   10.015   -26.2791

Faces: 
594   595   596
596   595   597
597   595   598
598   595   594
596   599   594
597   599   596
598   599   597
594   599   598

Component 101
Vects: 
-1.72818   32.325   -36.6945
0.778713   35.4948   -37.7132
-26.1011   -31.7405   -36.278
-33.7958   -34.7531   -40.8305
-6.41168   19.585   -39.6567
-7.23493   19.8632   -40.4702

Faces: 
600   601   602
602   601   603
603   601   604
604   601   600
602   605   600
603   605   602
604   605   603
600   605   604

Component 102
Vects: 
-6.32414   -10.7763   -30.2075
-9.84255   -7.51751   -26.4131
6.69538   27.693   -28.6109
-0.881836   24.7738   -23.8579
-3.95964   40.1155   -41.2898
-7.57232   37.1686   -36.5813

Faces: 
606   607   608
608   607   609
609   607   610
610   607   606
608   611   606
609   611   608
610   611   609
606   611   610

Component 103
Vects: 
45.5861   14.5847   -22.3872
42.6353   15.6845   -24.2075
-20.4671   -3.36849   -44.8418
-23.2032   -5.73841   -44.8413
-43.59   -2.9953   -35.2748
-48.2275   -8.44374   -34.5095

Faces: 
612   613   614
614   613   615
615   613   616
616   613   612
614   617   612
615   617   614
616   617   615
612   617   616

Component 104
Vects: 
-37.0267   -33.1983   -32.3169
-33.997   -30.7078   -34.6673
38.4571   21.0393   -37.9518
35.18   17.2428   -40.3016
25.5443   -41.881   -40.2132
27.4342   -38.5979   -43.7677

Faces: 
618   619   620
620   619   621
621   619   622
622   619   618
620   623   618
621   623   620
622   623   621
618   623   622

Component 105
Vects: 
22.8365   -3.32089   -46.7643
17.5189   -5.88875   -43.8062
38.2623   16.6807   -30.4414
42.7534   21.2976   -28.1495
21.5327   7.56508   -40.2708
23.3991   8.73148   -39.6301

Faces: 
624   625   626
626   625   627
627   625   628
628   625   624
626   629   624
627   629   626
628   629   627
624   629   628

Component 106
Vects: 
-16.6933   12.9723   -38.6487
-9.55064   17.9966   -40.7237
-14.1711   39.9838   -38.5204
-11.0784   35.4589   -38.1644
15.2164   25.5502   -28.8602
20.3201   29.8035   -27.6375

Faces: 
630   631   632
632   631   633
633   631   634
634   631   630
632   635   630
633   635   632
634   635   633
630   635   634

Component 107
Vects: 
-8.77683   35.4154   -23.3016
-12.5792   36.4981   -20.0237
0.898093   10.7312   -23.934
3.05698   10.2874   -25.5552
-11.4582   -43.5462   -18.8545
-8.71211   -47.2704   -22.1591

Faces: 
636   637   638
638   637   639
639   637   640
640   637   636
638   641   636
639   641   638
640   641   639
636   641   640

Component 108
Vects: 
10.1986   -34.9616   -22.9062
6.49627   -36.7298   -20.8793
-15.4727   21.246   -41.9507
-22.3026   24.8134   -45.7554
43.2828   -13.9937   -22.2431
47.8827   -11.017   -24.0511

Faces: 
642   643   644
644   643   645
645   643   646
646   643   642
644   647   642
645   647   644
646   647   645
642   647   646

Component 109
Vects: 
-16.6683   -26.7455   -29.4704
-13.6253   -27.9743   -25.5954
-42.6711   -1.70563   -44.2851
-49.2125   3.65601   -43.7235
2.60647   19.1491   -24.5503
10.2391   22.2361   -29.2353

Faces: 
648   649   650
650   649   651
651   649   652
652   649   648
650   653   648
651   653   650
652   653   651
648   653   652

Component 110
Vects: 
1.72404   -40.2929   -44.8411
-4.77039   -45.9172   -44.8415
-21.857   -15.8842   -23.7353
-18.7797   -18.0157   -28.1958
-34.7499   -37.793   -27.1864
-26.8099   -32.1474   -26.8333

Faces: 
654   655   656
656   655   657
657   655   658
658   655   654
656   659   654
657   659   656
658   659   657
654   659   658

Component 111
Vects: 
-30.7015   -11.3375   -34.3636
-28.3006   -12.065   -31.4325
9.66214   30.5242   -28.5692
3.54868   32.0656   -24.5008
-29.8932   -23.0851   -39.1635
-31.6007   -24.3119   -44.6065

Faces: 
660   661   662
662   661   663
663   661   664
664   661   660
662   665   660
663   665   662
664   665   663
660   665   664

Component 112
Vects: 
-49.0195   6.33914   -36.9344
-43.5471   8.77357   -33.6744
15.6518   23.685   -23.6675
14.2211   21.6559   -19.0539
-31.1781   31.5609   -36.2513
-23.309   34.224   -31.3069

Faces: 
666   667   668
668   667   669
669   667   670
670   667   666
668   671   666
669   671   668
670   671   669
666   671   670

Component 113
Vects: 
6.99655   -25.4149   -44.8411
11.7793   -27.6389   -49.46
-0.703425   42.4107   -26.2032
0.610588   44.9073   -28.5771
-2.12024   22.8298   -22.9694
-6.74307   19.6805   -25.9914

Faces: 
672   673   674
674   673   675
675   673   676
676   673   672
674   677   672
675   677   674
676   677   675
672   677   676

Component 114
Vects: 
-21.6547   -27.0622   -43.9911
-27.8824   -27.5685   -38.3637
35.9625   16.5781   -32.8239
31.9264   21.0605   -30.0697
35.8186   31.9388   -23.1902
34.2751   28.457   -26.1455

Faces: 
678   679   680
680   679   681
681   679   682
682   679   678
680   683   678
681   683   680
682   683   681
678   683   682

Component 115
Vects: 
-19.2837   31.4813   -49.4601
-25.1038   29.9843   -44.8161
36.8315   28.7002   -34.9219
36.8168   32.1574   -35.7042
15.1821   42.8163   -44.2165
14.326   41.0799   -45.3374

Faces: 
684   685   686
686   685   687
687   685   688
688   685   684
686   689   684
687   689   686
688   689   687
684   689   688

Component 116
Vects: 
-24.7789   20.6162   -43.1465
-22.3275   23.4536   -43.3534
-20.9518   19.6103   -44.1397
-28.4763   19.6274   -49.4605
-6.50608   35.8837   -28.4793
-5.39366   34.5631   -25.3302

Faces: 
690   691   692
692   691   693
693   691   694
694   691   690
692   695   690
693   695   692
694   695   693
690   695   694

Component 117
Vects: 
11.3726   29.3907   -34.6069
14.2496   24.3243   -34.0052
6.23201   25.5696   -20.8148
9.68915   30.6384   -23.1019
24.7055   5.61026   -44.786
30.7742   4.34694   -49.4604

Faces: 
696   697   698
698   697   699
699   697   700
700   697   696
698   701   696
699   701   698
700   701   699
696   701   700

Component 118
Vects: 
17.8072   41.9679   -29.8585
19.9801   45.9387   -27.1602
2.96614   -16.7086   -49.4604
3.00384   -19.9743   -44.8414
30.5992   -32.4852   -26.029
23.5572   -30.7813   -31.2144

Faces: 
702   703   704
704   703   705
705   703   706
706   703   702
704   707   702
705   707   704
706   707   705
702   707   706

Component 119
Vects: 
2.86295   15.0389   -42.0232
-1.82833   16.1862   -38.9077
28.9652   -19.2193   -29.1711
27.6835   -16.5968   -31.9569
14.3167   -47.6936   -20.6626
13.8127   -45.802   -20.5481

Faces: 
708   709   710
710   709   711
711   709   712
712   709   708
710   713   708
711   713   710
712   713   711
708   713   712

Component 120
Vects: 
-3.32025   42.1824   -30.371
-6.44799   42.0596   -32.8889
-19.4346   11.8578   -44.8412
-18.7074   8.61223   -49.46
-1.87565   23.8672   -43.8413
-0.130872   22.5562   -43.8419

Faces: 
714   715   716
716   715   717
717   715   718
718   715   714
716   719   714
717   719   716
718   719   717
714   719   718

Component 121
Vects: 
-37.7424   0.738266   -42.6229
-34.0616   2.28178   -45.0029
-1.2496   37.5237   -44.8413
-0.632009   38.0586   -44.8414
1.03337   -1.07131   -23.9704
-2.84554   -0.511986   -20.8137

Faces: 
720   721   722
722   721   723
723   721   724
724   721   720
722   725   720
723   725   722
724   725   723
720   725   724

Component 122
Vects: 
23.3701   33.4653   -38.2988
25.1632   32.767   -33.7186
-25.1729   -16.0015   -44.0584
-28.5322   -13.6004   -45.9945
9.24484   -39.3   -33.831
10.7264   -41.8972   -38.8132

Faces: 
726   727   728
728   727   729
729   727   730
730   727   726
728   731   726
729   731   728
730   731   729
726   731   730

Component 123
Vects: 
43.1377   22.3413   -20.4747
39.1901   19.5033   -20.4361
-12.454   -12.5552   -49.46
-19.1338   -7.58417   -49.4601
34.2359   -3.96392   -44.5623
31.6421   -1.09625   -49.1385

Faces: 
732   733   734
734   733   735
735   733   736
736   733   732
734   737   732
735   737   734
736   737   735
732   737   736

Component 124
Vects: 
12.6426   -15.671   -43.2906
12.7547   -11.5791   -40.8907
-11.7884   -36.9146   -44.3218
-10.2359   -40.7238   -40.4995
-19.5381   -45.6514   -44.8104
-13.3722   -40.2818   -44.8589

Faces: 
738   739   740
740   739   741
741   739   742
742   739   738
740   743   738
741   743   740
742   743   741
738   743   742

Component 125
Vects: 
3.32735   9.65003   -30.9835
8.82572   5.49216   -29.9358
0.570826   13.5667   -31.1846
-1.35256   16.5157   -29.3254
17.2257   43.9542   -42.7512
22.6707   45.959   -39.4475

Faces: 
744   745   746
746   745   747
747   745   748
748   745   744
746   749   744
747   749   746
748   749   747
744   749   748

Component 126
Vects: 
2.58673   -29.5373   -33.8505
-2.31151   -33.4221   -37.6139
24.616   30.2647   -33.3049
17.0185   32.5954   -28.1705
4.33467   -40.0175   -30.4848
5.45166   -39.565   -27.4153

Faces: 
750   751   752
752   751   753
753   751   754
754   751   750
752   755   750
753   755   752
754   755   753
750   755   754

Component 127
Vects: 
-18.2859   32.0995   -46.8139
-13.6731   30.1742   -49.4609
5.29718   10.2233   -40.7545
2.6161   5.82437   -37.984
27.891   -0.429273   -33.3728
26.7486   -4.71127   -36.9375

Faces: 
756   757   758
758   757   759
759   757   760
760   757   756
758   761   756
759   761   758
760   761   759
756   761   760

Component 128
Vects: 
35.206   -34.4478   -31.7793
30.9783   -36.054   -27.9351
40.4581   -14.7257   -26.6135
45.3045   -19.3924   -28.3582
12.0132   -13.2302   -33.996
4.45379   -7.79083   -32.5085

Faces: 
762   763   764
764   763   765
765   763   766
766   763   762
764   767   762
765   767   764
766   767   765
762   767   766

Component 129
Vects: 
-22.2333   -38.9418   -36.866
-16.4652   -42.7808   -35.1187
2.84118   35.223   -35.593
5.65895   35.0642   -31.4967
27.2443   -10.5444   -32.3804
34.6087   -10.8042   -37.7972

Faces: 
768   769   770
770   769   771
771   769   772
772   769   768
770   773   768
771   773   770
772   773   771
768   773   772

Component 130
Vects: 
36.3389   -13.6074   -37.0796
38.6179   -15.8306   -38.3747
9.152   27.0312   -41.9203
5.4943   32.1661   -44.2666
22.9486   -5.1234   -23.8307
22.264   -8.40926   -25.3424

Faces: 
774   775   776
776   775   777
777   775   778
778   775   774
776   779   774
777   779   776
778   779   777
774   779   778

Component 131
Vects: 
33.4645   -4.43264   -24.5195
36.3034   -5.95638   -26.4573
11.7607   28.8766   -19.9311
18.3242   33.2538   -21.6412
-39.1904   21.1887   -32.6521
-43.9262   18.6651   -37.6307

Faces: 
780   781   782
782   781   783
783   781   784
784   781   780
782   785   780
783   785   782
784   785   783
780   785   784

Component 132
Vects: 
13.6788   -39.0868   -17.727
21.5518   -37.1966   -23.0056
-26.0704   23.9688   -37.3963
-20.8804   24.479   -42.6545
40.3766   2.39951   -41.2295
32.6957   -2.72317   -38.842

Faces: 
786   787   788
788   787   789
789   787   790
790   787   786
788   791   786
789   791   788
790   791   789
786   791   790

Component 133
Vects: 
5.36259   -32.4923   -35.0927
7.75771   -30.6955   -35.6324
-8.42782   27.4541   -24.9261
-6.3714   23.1817   -21.7735
43.7071   -5.83138   -38.403
49.1642   -8.43021   -41.2668

Faces: 
792   793   794
794   793   795
795   793   796
796   793   792
794   797   792
795   797   794
796   797   795
792   797   796

Component 134
Vects: 
-27.9338   -36.9152   -26.1411
-34.1091   -31.5256   -25.7824
-20.1408   -9.25884   -41.6171
-20.7443   -10.9081   -45.0278
27.3628   34.6439   -20.3394
20.9646   33.6287   -25.2963

Faces: 
798   799   800
800   799   801
801   799   802
802   799   798
800   803   798
801   803   800
802   803   801
798   803   802

Component 135
Vects: 
36.9996   11.3039   -22.3946
41.1263   14.3725   -24.056
-19.1842   12.8984   -43.8411
-18.5053   12.31   -43.8417
-22.818   29.3037   -24.5776
-22.163   24.1463   -24.4124

Faces: 
804   805   806
806   805   807
807   805   808
808   805   804
806   809   804
807   809   806
808   809   807
804   809   808

Component 136
Vects: 
32.1528   31.4437   -29.7272
35.6453   29.2536   -34.6233
28.4422   8.92689   -24.0423
30.7639   4.35147   -27.3334
16.1927   5.2881   -30.8623
12.6408   5.90158   -25.56

Faces: 
810   811   812
812   811   813
813   811   814
814   811   810
812   815   810
813   815   812
814   815   813
810   815   814

Component 137
Vects: 
29.5586   15.8862   -37.0687
24.4008   20.3062   -40.554
9.8983   -5.55674   -29.7036
13.9549   -2.37639   -29.7489
3.83202   9.58414   -41.3099
8.50188   14.4735   -44.0837

Faces: 
816   817   818
818   817   819
819   817   820
820   817   816
818   821   816
819   821   818
820   821   819
816   821   820

Component 138
Vects: 
-19.9732   11.3821   -29.0825
-14.3617   11.2721   -23.4352
8.22654   13.8109   -35.7626
16.1367   10.0037   -31.6078
25.4943   19.7578   -27.565
32.7488   14.7782   -28.8618

Faces: 
822   823   824
824   823   825
825   823   826
826   823   822
824   827   822
825   827   824
826   827   825
822   827   826

Component 139
Vects: 
17.3241   -8.56818   -44.0057
16.5591   -12.366   -47.7933
-8.62945   46.0403   -39.1302
-3.82887   49.0477   -37.5107
11.1114   -3.1577   -39.3445
11.3294   -6.96339   -39.3633

Faces: 
828   829   830
830   829   831
831   829   832
832   829   828
830   833   828
831   833   830
832   833   831
828   833   832

Component 140
Vects: 
-22.6443   13.4062   -33.0842
-19.2129   12.5381   -30.7977
32.3347   -26.519   -27.5553
33.1023   -23.107   -25.8413
-8.65613   39.5423   -29.1612
-11.4787   38.7737   -31.2096

Faces: 
834   835   836
836   835   837
837   835   838
838   835   834
836   839   834
837   839   836
838   839   837
834   839   838

Component 141
Vects: 
-31.4782   -25.2586   -28.0139
-28.8926   -21.4728   -24.1985
43.5579   -6.83637   -30.9768
48.7765   -11.7018   -33.7548
0.993043   -15.1241   -45.9752
0.0463782   -14.6257   -43.3423

Faces: 
840   841   842
842   841   843
843   841   844
844   841   840
842   845   840
843   845   842
844   845   843
840   845   844

Component 142
Vects: 
-28.5096   16.5363   -42.1686
-28.4315   21.7082   -42.5979
-44.3175   13.161   -43.4219
-42.0424   17.073   -47.1666
-37.8539   -13.4488   -38.9143
-30.3702   -17.576   -42.7608

Faces: 
846   847   848
848   847   849
849   847   850
850   847   846
848   851   846
849   851   848
850   851   849
846   851   850

Component 143
Vects: 
-16.9157   -28.6009   -29.7988
-24.7629   -26.4846   -34.9575
-25.1123   -32.5884   -44.8413
-18.8048   -31.7396   -49.4601
-14.7082   39.9563   -19.9555
-18.6217   40.1347   -23.056

Faces: 
852   853   854
854   853   855
855   853   856
856   853   852
854   857   852
855   857   854
856   857   855
852   857   856

Component 144
Vects: 
23.036   18.9964   -49.4604
29.5135   13.4564   -49.4601
-4.69953   24.951   -29.4123
-1.82275   19.9171   -31.5208
3.66455   36.6872   -49.4601
9.98007   31.2178   -49.4602

Faces: 
858   859   860
860   859   861
861   859   862
862   859   858
860   863   858
861   863   860
862   863   861
858   863   862

Component 145
Vects: 
-23.7908   -26.4691   -44.0952
-18.1459   -24.788   -48.3187
32.3142   34.4794   -44.0714
30.6125   31.5112   -45.3951
17.9008   14.5391   -33.921
23.4499   14.7866   -38.8646

Faces: 
864   865   866
866   865   867
867   865   868
868   865   864
866   869   864
867   869   866
868   869   867
864   869   868

Component 146
Vects: 
33.1134   -29.0889   -28.8687
40.9079   -31.876   -33.6301
3.22058   27.963   -42.3726
0.774321   28.4526   -38.3315
4.23095   -27.6338   -25.7677
5.49765   -22.1412   -25.2613

Faces: 
870   871   872
872   871   873
873   871   874
874   871   870
872   875   870
873   875   872
874   875   873
870   875   874

Component 147
Vects: 
-11.4155   31.2814   -43.8426
-7.11243   33.8769   -47.3366
6.95526   16.234   -35.915
7.96872   17.1699   -38.3956
-19.2755   -41.1098   -32.3806
-11.647   -46.5055   -32.3791

Faces: 
876   877   878
878   877   879
879   877   880
880   877   876
878   881   876
879   881   878
880   881   879
876   881   880

Component 148
Vects: 
23.6305   -0.936979   -34.0792
18.7179   -2.45313   -37.4416
3.90619   4.74145   -42.4151
10.3071   7.6523   -37.6081
24.1872   -12.1495   -37.5656
26.1028   -7.10227   -35.4418

Faces: 
882   883   884
884   883   885
885   883   886
886   883   882
884   887   882
885   887   884
886   887   885
882   887   886

Component 149
Vects: 
14.2659   3.45543   -31.2387
16.4043   1.90364   -36.1982
-14.9785   -18.9289   -43.8631
-12.057   -18.3817   -46.0831
-17.9843   -19.9204   -23.2736
-24.6766   -25.241   -21.4549

Faces: 
888   889   890
890   889   891
891   889   892
892   889   888
890   893   888
891   893   890
892   893   891
888   893   892

Component 150
Vects: 
8.85292   -22.1852   -32.6119
10.3207   -21.1636   -30.5159
-30.3392   -17.8323   -39.0819
-30.3961   -18.5402   -43.3226
-3.85789   37.4904   -31.9032
0.183655   37.3327   -28.8945

Faces: 
894   895   896
896   895   897
897   895   898
898   895   894
896   899   894
897   899   896
898   899   897
894   899   898

Component 151
Vects: 
13.627   -37.0509   -27.9126
6.52666   -33.3332   -32.117
-1.31759   -2.92858   -32.7132
6.18601   2.55498   -33.7355
28.349   14.5584   -40.3591
28.5954   8.98119   -41.2454

Faces: 
900   901   902
902   901   903
903   901   904
904   901   900
902   905   900
903   905   902
904   905   903
900   905   904

Component 152
Vects: 
32.7305   -32.7076   -19.9708
32.1   -36.448   -17.5086
32.9806   -12.3126   -41.0676
30.1291   -11.2457   -38.0219
26.3208   -19.5242   -23.1706
26.6687   -16.3184   -26.4197

Faces: 
906   907   908
908   907   909
909   907   910
910   907   906
908   911   906
909   911   908
910   911   909
906   911   910

Component 153
Vects: 
2.13074   -14.4959   -27.0948
-5.02279   -19.0145   -23.7589
11.872   42.6217   -39.2912
5.94362   47.9489   -39.8084
28.2919   20.0031   -44.8413
34.2867   25.1945   -44.8412

Faces: 
912   913   914
914   913   915
915   913   916
916   913   912
914   917   912
915   917   914
916   917   915
912   917   916

Component 154
Vects: 
-24.5165   -4.42947   -39.7653
-28.1202   -5.24293   -34.9526
-8.12337   -26.6262   -20.1809
-15.1583   -30.7123   -16.3036
31.1928   -25.5797   -38.6005
27.1804   -29.0687   -42.5712

Faces: 
918   919   920
920   919   921
921   919   922
922   919   918
920   923   918
921   923   920
922   923   921
918   923   922

Component 155
Vects: 
-33.7776   -5.53607   -49.4603
-36.3201   -8.52739   -44.8271
36.179   -22.3766   -26.7103
37.4586   -17.9497   -27.7595
4.41043   -3.26523   -48.582
-0.108603   0.533172   -49.1015

Faces: 
924   925   926
926   925   927
927   925   928
928   925   924
926   929   924
927   929   926
928   929   927
924   929   928

Component 156
Vects: 
28.1645   37.8827   -38.8342
27.7587   35.0825   -35.2959
-12.5871   -26.3699   -34.0534
-12.183   -25.9731   -38.9321
38.3184   -4.25745   -36.9757
43.6947   -8.85012   -35.3994

Faces: 
930   931   932
932   931   933
933   931   934
934   931   930
932   935   930
933   935   932
934   935   933
930   935   934

Component 157
Vects: 
-41.4365   27.0087   -27.308
-34.5358   29.0995   -22.1275
-43.1331   -5.78516   -30.7179
-37.7662   -9.61238   -34.6625
-24.2634   -26.1131   -30.9411
-24.0865   -20.6381   -29.6227

Faces: 
936   937   938
938   937   939
939   937   940
940   937   936
938   941   936
939   941   938
940   941   939
936   941   940

Component 158
Vects: 
-12.469   -9.66715   -29.1778
-14.7773   -11.2617   -31.1495
-13.8686   26.4955   -49.4598
-13.3019   23.2416   -44.8413
27.5201   4.32955   -30.7123
28.3885   7.17208   -29.146

Faces: 
942   943   944
944   943   945
945   943   946
946   943   942
944   947   942
945   947   944
946   947   945
942   947   946

Component 159
Vects: 
43.5655   -4.26367   -29.705
49.0737   -0.225073   -33.2809
-41.8979   10.512   -28.2524
-37.9247   13.4394   -33.0867
9.20622   38.3794   -38.0736
2.8762   43.3665   -40.5645

Faces: 
948   949   950
950   949   951
951   949   952
952   949   948
950   953   948
951   953   950
952   953   951
948   953   952

Component 160
Vects: 
-38.3898   -27.1224   -39.3492
-35.0301   -26.6273   -41.6729
-12.955   -0.672479   -42.3039
-13.6076   -2.21628   -44.6668
23.0547   41.9657   -49.1045
24.6087   40.3268   -49.4604

Faces: 
954   955   956
956   955   957
957   955   958
958   955   954
956   959   954
957   959   956
958   959   957
954   959   958

Component 161
Vects: 
32.1956   -21.6229   -35.7843
29.7982   -24.0548   -38.2697
-8.36236   7.31351   -31.5009
-13.8648   5.38705   -35.5491
-33.0664   16.4166   -37.5775
-25.9509   12.3789   -41.026

Faces: 
960   961   962
962   961   963
963   961   964
964   961   960
962   965   960
963   965   962
964   965   963
960   965   964

Component 162
Vects: 
-26.4637   -39.3811   -39.0274
-18.8577   -44.172   -41.4764
19.8326   -27.7789   -37.6731
20.271   -26.9761   -36.4626
2.67501   -35.7192   -23.6139
-3.99694   -33.0626   -19.6472

Faces: 
966   967   968
968   967   969
969   967   970
970   967   966
968   971   966
969   971   968
970   971   969
966   971   970

Component 163
Vects: 
-24.4767   2.76492   -43.3216
-27.6713   -0.477757   -40.1574
-20.181   12.1651   -37.2929
-23.9252   16.6295   -38.226
-4.35544   -15.8227   -47.5588
-3.64607   -18.7509   -43.2502

Faces: 
972   973   974
974   973   975
975   973   976
976   973   972
974   977   972
975   977   974
976   977   975
972   977   976

Component 164
Vects: 
1.65142   39.8701   -32.8147
5.72481   38.106   -30.0403
37.0375   4.17217   -38.116
42.9076   -0.123143   -41.7283
27.9756   -29.2693   -38.6585
23.5823   -27.7125   -41.5944

Faces: 
978   979   980
980   979   981
981   979   982
982   979   978
980   983   978
981   983   980
982   983   981
978   983   982

Component 165
Vects: 
-35.8479   6.14909   -41.023
-31.3137   9.87054   -36.9001
23.0662   -5.57377   -42.4184
18.809   -10.6137   -40.6428
1.83528   19.9251   -44.8414
4.11902   21.9028   -44.8412

Faces: 
984   985   986
986   985   987
987   985   988
988   985   984
986   989   984
987   989   986
988   989   987
984   989   988

Component 166
Vects: 
-6.8066   -4.89169   -44.8413
-13.1707   -5.62727   -49.46
20.879   -21.2586   -32.7969
25.1812   -18.5856   -34.6123
14.574   -8.97243   -31.2121
13.4136   -11.5397   -35.638

Faces: 
990   991   992
992   991   993
993   991   994
994   991   990
992   995   990
993   995   992
994   995   993
990   995   994

Component 167
Vects: 
25.0151   40.7105   -23.2269
21.2085   35.4685   -25.341
10.5679   41.8654   -31.9391
8.04677   37.1673   -30.066
-16.8158   40.8639   -43.3994
-12.3353   35.3096   -44.3998

Faces: 
996   997   998
998   997   999
999   997   1000
1000   997   996
998   1001   996
999   1001   998
1000   1001   999
996   1001   1000

Component 168
Vects: 
-14.5118   4.34139   -39.9569
-17.1214   8.41103   -41.1129
-0.788546   17.1929   -22.7265
5.24309   17.4426   -28.3444
8.58982   42.7866   -49.4601
5.14467   42.0465   -46.0972

Faces: 
1002   1003   1004
1004   1003   1005
1005   1003   1006
1006   1003   1002
1004   1007   1002
1005   1007   1004
1006   1007   1005
1002   1007   1006

Component 169
Vects: 
11.9352   -13.5995   -49.46
18.356   -19.1601   -49.4603
15.6018   29.481   -34.3811
19.9482   33.3044   -32.3856
-7.11773   5.97392   -35.7489
-4.7455   3.69556   -31.2348

Faces: 
1008   1009   1010
1010   1009   1011
1011   1009   1012
1012   1009   1008
1010   1013   1008
1011   1013   1010
1012   1013   1011
1008   1013   1012

Component 170
Vects: 
45.9578   3.98918   -39.2637
46.7788   4.66268   -39.1634
12.0901   -19.1198   -33.5699
8.82391   -16.4955   -31.3624
2.37824   31.0648   -43.196
-5.46728   35.4806   -46.5623

Faces: 
1014   1015   1016
1016   1015   1017
1017   1015   1018
1018   1015   1014
1016   1019   1014
1017   1019   1016
1018   1019   1017
1014   1019   1018

Component 171
Vects: 
-31.754   15.4889   -29.7503
47.1369   -14.9078   -49.4597
-36.5599   14.372   -33.0085
42.6715   -11.0403   -49.46
-14.8897   -3.94909   -30.7245
-22.8165   -7.61249   -26.4422

Faces: 
1020   1021   1022
1022   1021   1023
1023   1021   1024
1024   1021   1020
1022   1025   1020
1023   1025   1022
1024   1025   1023
1020   1025   1024

Component 172
Vects: 
35.4629   34.132   -41.0813
34.1821   30.4519   -38.0255
38.0908   -16.5833   -36.9099
38.2011   -16.5669   -31.9816
0.955869   39.1555   -23.1975
1.97979   37.3712   -26.507

Faces: 
1026   1027   1028
1028   1027   1029
1029   1027   1030
1030   1027   1026
1028   1031   1026
1029   1031   1028
1030   1031   1029
1026   1031   1030

Component 173
Vects: 
-41.6229   -11.109   -37.0277
-47.8836   -15.4772   -37.8946
6.35728   2.81491   -49.4605
-0.166704   8.46472   -49.4598
28.3328   -13.6403   -31.1312
24.2214   -15.6433   -28.7649

Faces: 
1032   1033   1034
1034   1033   1035
1035   1033   1036
1036   1033   1032
1034   1037   1032
1035   1037   1034
1036   1037   1035
1032   1037   1036

Component 174
Vects: 
37.1011   -7.51439   -49.4601
40.8768   -10.4153   -49.46
-22.4396   -4.69891   -43.2279
-24.3289   -2.25902   -42.9539
-5.33947   -16.5688   -41.1278
-11.0692   -19.2203   -37.9498

Faces: 
1038   1039   1040
1040   1039   1041
1041   1039   1042
1042   1039   1038
1040   1043   1038
1041   1043   1040
1042   1043   1041
1038   1043   1042

Component 175
Vects: 
-21.1337   -17.1607   -30.9499
-26.1799   -22.0144   -30.9615
26.3873   32.3795   -20.3075
33.5568   37.7108   -21.8876
-5.42325   47.749   -32.9741
-12.5074   48.7319   -38.5067

Faces: 
1044   1045   1046
1046   1045   1047
1047   1045   1048
1048   1045   1044
1046   1049   1044
1047   1049   1046
1048   1049   1047
1044   1049   1048

Component 176
Vects: 
-26.5663   28.892   -26.501
-28.8351   26.3022   -30.399
26.419   -4.69098   -49.46
28.2985   -7.07584   -44.3712
16.9385   26.5628   -26.5226
19.3872   24.5308   -27.1112

Faces: 
1050   1051   1052
1052   1051   1053
1053   1051   1054
1054   1051   1050
1052   1055   1050
1053   1055   1052
1054   1055   1053
1050   1055   1054

Component 177
Vects: 
4.49932   -46.4068   -33.3141
-2.08388   -47.3373   -28.1517
23.4691   4.33017   -27.0445
28.058   -0.656357   -26.3822
-34.7702   -31.7509   -43.7967
-34.7145   -31.7278   -43.8916

Faces: 
1056   1057   1058
1058   1057   1059
1059   1057   1060
1060   1057   1056
1058   1061   1056
1059   1061   1058
1060   1061   1059
1056   1061   1060

Component 178
Vects: 
27.7768   0.968911   -49.4601
30.0933   -0.72108   -49.4601
40.4316   -12.7457   -33.6804
47.2331   -12.9364   -28.4755
-39.1982   -1.18375   -42.3965
-36.4894   -5.36299   -44.8147

Faces: 
1062   1063   1064
1064   1063   1065
1065   1063   1066
1066   1063   1062
1064   1067   1062
1065   1067   1064
1066   1067   1065
1062   1067   1066

Component 179
Vects: 
-18.3469   -22.9122   -42.1248
-11.8376   -25.3956   -46.2471
44.0819   16.7871   -43.8414
42.0126   13.6891   -39.2228
37.2447   1.91126   -49.46
44.1227   -2.97298   -49.4604

Faces: 
1068   1069   1070
1070   1069   1071
1071   1069   1072
1072   1069   1068
1070   1073   1068
1071   1073   1070
1072   1073   1071
1068   1073   1072

Component 180
Vects: 
-27.4785   -13.3215   -40.9764
-29.9905   -8.1899   -39.6747
33.6304   -33.5782   -24.2745
34.8014   -28.7962   -21.6935
-3.79118   -43.9968   -17.2826
-1.73754   -47.8502   -13.1412

Faces: 
1074   1075   1076
1076   1075   1077
1077   1075   1078
1078   1075   1074
1076   1079   1074
1077   1079   1076
1078   1079   1077
1074   1079   1078

Component 181
Vects: 
17.1942   36.9708   -35.7978
15.6385   36.9441   -30.2828
-6.65609   42.9723   -49.4604
-9.04632   45.0423   -49.4606
19.1234   27.986   -43.7592
17.6561   27.9332   -47.7743

Faces: 
1080   1081   1082
1082   1081   1083
1083   1081   1084
1084   1081   1080
1082   1085   1080
1083   1085   1082
1084   1085   1083
1080   1085   1084

Component 182
Vects: 
-30.3884   17.8947   -30.6365
-24.3198   21.7605   -32.6361
7.37078   24.603   -43.0421
4.18248   21.2134   -39.4208
0.0173032   -3.20454   -42.8431
-3.77882   2.0639   -42.6663

Faces: 
1086   1087   1088
1088   1087   1089
1089   1087   1090
1090   1087   1086
1088   1091   1086
1089   1091   1088
1090   1091   1089
1086   1091   1090

Component 183
Vects: 
24.9887   25.4216   -26.851
26.2929   27.0986   -26.0215
37.3016   -33.2616   -49.4617
33.1486   -30.7383   -44.8436
-22.0945   -35.9071   -23.8548
-16.7126   -37.6   -29.0245

Faces: 
1092   1093   1094
1094   1093   1095
1095   1093   1096
1096   1093   1092
1094   1097   1092
1095   1097   1094
1096   1097   1095
1092   1097   1096

Component 184
Vects: 
-28.9653   -2.57899   -43.1389
-30.2721   -0.463641   -43.3543
-31.1384   15.4149   -49.46
-34.4786   17.9879   -49.4604
-0.443167   36.5177   -29.3454
-5.66407   40.2497   -27.5817

Faces: 
1098   1099   1100
1100   1099   1101
1101   1099   1102
1102   1099   1098
1100   1103   1098
1101   1103   1100
1102   1103   1101
1098   1103   1102

Component 185
Vects: 
-24.9097   -35.7464   -42.8968
-24.7094   -38.9396   -40.7275
-20.2788   -26.4205   -34.1084
-27.9978   -24.6306   -39.2685
-11.9178   16.2654   -36.0886
-15.9374   14.1835   -34.0374

Faces: 
1104   1105   1106
1106   1105   1107
1107   1105   1108
1108   1105   1104
1106   1109   1104
1107   1109   1106
1108   1109   1107
1104   1109   1108

Component 186
Vects: 
10.3385   -34.0196   -31.6367
2.78261   -31.8458   -36.6497
20.1104   4.72044   -29.8749
23.5575   6.78362   -28.481
-20.9939   17.8325   -31.325
-27.1619   22.8679   -28.9272

Faces: 
1110   1111   1112
1112   1111   1113
1113   1111   1114
1114   1111   1110
1112   1115   1110
1113   1115   1112
1114   1115   1113
1110   1115   1114

Component 187
Vects: 
5.50901   -40.0588   -39.2226
9.32393   -42.7098   -43.8416
-42.23   -20.8501   -39.2799
-40.8282   -15.6682   -38.301
-40.7299   6.59304   -37.044
-35.9659   8.475   -31.7194

Faces: 
1116   1117   1118
1118   1117   1119
1119   1117   1120
1120   1117   1116
1118   1121   1116
1119   1121   1118
1120   1121   1119
1116   1121   1120

Component 188
Vects: 
-11.0973   -15.6625   -29.8803
-3.68997   -16.8476   -24.7775
-27.6858   -11.5047   -26.0365
-30.1244   -13.8203   -27.6493
-15.0636   44.9178   -20.2147
-11.4002   42.5941   -24.3628

Faces: 
1122   1123   1124
1124   1123   1125
1125   1123   1126
1126   1123   1122
1124   1127   1122
1125   1127   1124
1126   1127   1125
1122   1127   1126

Component 189
Vects: 
-5.69442   -19.4878   -39.1848
-12.4438   -19.0997   -43.9419
-0.586608   24.1562   -44.8415
-2.82877   27.2239   -49.4603
-13.0671   14.4517   -35.0627
-15.0277   9.35876   -37.4432

Faces: 
1128   1129   1130
1130   1129   1131
1131   1129   1132
1132   1129   1128
1130   1133   1128
1131   1133   1130
1132   1133   1131
1128   1133   1132

Component 190
Vects: 
8.78203   30.7436   -49.4602
14.0241   32.6922   -44.8412
-13.4939   10.9363   -33.1906
-6.16887   14.0094   -28.9448
1.71366   -41.0904   -35.9803
4.58733   -44.2375   -37.1524

Faces: 
1134   1135   1136
1136   1135   1137
1137   1135   1138
1138   1135   1134
1136   1139   1134
1137   1139   1136
1138   1139   1137
1134   1139   1138

Component 191
Vects: 
38.5067   -21.8495   -30.8837
44.3092   -17.9632   -28.2265
19.4798   -45.0584   -43.5433
14.1231   -40.3629   -42.9959
8.47312   -16.7781   -47.4835
7.50633   -17.8568   -43.9893

Faces: 
1140   1141   1142
1142   1141   1143
1143   1141   1144
1144   1141   1140
1142   1145   1140
1143   1145   1142
1144   1145   1143
1140   1145   1144

Component 192
Vects: 
10.1412   -7.1151   -44.6599
3.81223   -2.23646   -42.7476
38.2382   15.8294   -38.9585
32.779   17.2059   -42.6551
29.7574   14.307   -29.7492
34.6007   10.1203   -28.9016

Faces: 
1146   1147   1148
1148   1147   1149
1149   1147   1150
1150   1147   1146
1148   1151   1146
1149   1151   1148
1150   1151   1149
1146   1151   1150

Component 193
Vects: 
-1.60751   8.85155   -45.1517
3.06272   13.465   -44.3893
6.28504   -22.6091   -29.8303
4.19762   -18.4258   -27.7579
-37.6447   17.8542   -27.3499
-31.1543   14.2633   -31.3119

Faces: 
1152   1153   1154
1154   1153   1155
1155   1153   1156
1156   1153   1152
1154   1157   1152
1155   1157   1154
1156   1157   1155
1152   1157   1156

Component 194
Vects: 
-36.5594   3.70601   -45.3488
-42.8545   5.66549   -41.2886
8.24345   -47.6434   -39.9316
2.03656   -43.3681   -40.9464
-9.49919   -23.1398   -49.46
-8.16566   -20.2262   -44.6462

Faces: 
1158   1159   1160
1160   1159   1161
1161   1159   1162
1162   1159   1158
1160   1163   1158
1161   1163   1160
1162   1163   1161
1158   1163   1162

Component 195
Vects: 
41.4078   23.7181   -34.4318
40.1955   24.6685   -36.0676
13.9945   4.10644   -39.5299
6.86194   3.58212   -33.9007
4.25946   -9.40858   -23.7678
3.42511   -13.4288   -25.7543

Faces: 
1164   1165   1166
1166   1165   1167
1167   1165   1168
1168   1165   1164
1166   1169   1164
1167   1169   1166
1168   1169   1167
1164   1169   1168

Component 196
Vects: 
-26.0762   5.25768   -33.3901
-28.0796   4.91343   -34.9913
-1.18926   11.4163   -39.193
-2.52223   14.9265   -43.3674
24.922   21.27   -38.7639
30.8498   20.4953   -43.4178

Faces: 
1170   1171   1172
1172   1171   1173
1173   1171   1174
1174   1171   1170
1172   1175   1170
1173   1175   1172
1174   1175   1173
1170   1175   1174

Component 197
Vects: 
0.0897441   -12.081   -32.5813
6.96466   -10.2873   -28.0628
36.4556   -1.91257   -37.3376
33.3771   2.45006   -33.8641
40.5494   -3.78731   -39.6205
35.7083   -7.68869   -37.9684

Faces: 
1176   1177   1178
1178   1177   1179
1179   1177   1180
1180   1177   1176
1178   1181   1176
1179   1181   1178
1180   1181   1179
1176   1181   1180

Component 198
Vects: 
-13.5186   31.2053   -29.1021
-9.4414   29.4437   -32.9064
-22.0934   -36.1131   -35.77
-24.1466   -34.2852   -33.5029
21.1216   2.81325   -24.1792
18.0808   6.2912   -27.7036

Faces: 
1182   1183   1184
1184   1183   1185
1185   1183   1186
1186   1183   1182
1184   1187   1182
1185   1187   1184
1186   1187   1185
1182   1187   1186

Component 199
Vects: 
-25.7724   -8.46364   -31.7527
-24.0862   -10.9252   -31.6858
6.1401   32.2628   -43.809
-1.5038   32.1874   -49.46
37.9974   9.09792   -44.7609
31.5246   9.81129   -49.4601

Faces: 
1188   1189   1190
1190   1189   1191
1191   1189   1192
1192   1189   1188
1190   1193   1188
1191   1193   1190
1192   1193   1191
1188   1193   1192

Component 200
Vects: 
-10.3327   -34.5941   -19.601
-18.0565   -39.6262   -22.1651
37.2472   -8.8137   -24.8089
43.7256   -3.97963   -27.3477
-2.47573   -3.56978   -38.8612
-2.13967   -8.99184   -39.9159

Faces: 
1194   1195   1196
1196   1195   1197
1197   1195   1198
1198   1195   1194
1196   1199   1194
1197   1199   1196
1198   1199   1197
1194   1199   1198

Component 201
Vects: 
30.6468   -21.4409   -46.4417
25.7263   -26.4454   -43.8101
-8.0773   29.1523   -36.3436
-15.4831   33.7519   -39.407
-44.3599   -9.02895   -33.1391
-48.0424   -6.84356   -31.6316

Faces: 
1200   1201   1202
1202   1201   1203
1203   1201   1204
1204   1201   1200
1202   1205   1200
1203   1205   1202
1204   1205   1203
1200   1205   1204

Component 202
Vects: 
-7.91889   6.51004   -24.5766
-10.148   7.60042   -27.2998
-12.1431   -36.0553   -41.3673
-12.1994   -34.7251   -40.8618
-48.0677   2.12467   -28.1158
-44.2602   6.77644   -25.2135

Faces: 
1206   1207   1208
1208   1207   1209
1209   1207   1210
1210   1207   1206
1208   1211   1206
1209   1211   1208
1210   1211   1209
1206   1211   1210

Component 203
Vects: 
24.1726   -44.7548   -35.526
16.5967   -44.2449   -29.9733
-6.66578   3.98171   -32.8967
1.23532   -0.638257   -29.7531
33.0781   33.6465   -32.155
25.3955   32.2771   -26.7027

Faces: 
1212   1213   1214
1214   1213   1215
1215   1213   1216
1216   1213   1212
1214   1217   1212
1215   1217   1214
1216   1217   1215
1212   1217   1216

Component 204
Vects: 
11.2471   -37.963   -19.0719
3.55421   -42.4891   -15.8283
-21.5627   -13.4279   -49.4602
-26.4512   -15.5941   -44.8413
7.16827   25.2348   -49.4602
13.6932   19.5836   -49.4588

Faces: 
1218   1219   1220
1220   1219   1221
1221   1219   1222
1222   1219   1218
1220   1223   1218
1221   1223   1220
1222   1223   1221
1218   1223   1222

Component 205
Vects: 
14.0069   13.1788   -37.3448
18.5789   8.19418   -38.0684
-1.34698   32.7527   -32.5703
-1.32231   29.5217   -31.984
-43.6501   14.529   -36.2195
-45.4251   16.0489   -37.2011

Faces: 
1224   1225   1226
1226   1225   1227
1227   1225   1228
1228   1225   1224
1226   1229   1224
1227   1229   1226
1228   1229   1227
1224   1229   1228

Component 206
Vects: 
-26.2122   -16.7302   -40.8618
-20.5727   -17.8241   -36.0573
-16.8117   13.5929   -32.9672
-23.833   18.8141   -32.3999
34.5399   -36.2234   -43.5239
28.1997   -37.5947   -38.8104

Faces: 
1230   1231   1232
1232   1231   1233
1233   1231   1234
1234   1231   1230
1232   1235   1230
1233   1235   1232
1234   1235   1233
1230   1235   1234

Component 207
Vects: 
22.0434   32.201   -49.4602
16.2319   37.1871   -48.3603
-16.5963   -0.211344   -34.6302
-21.4165   -2.56419   -31.9948
39.4313   7.00839   -34.4734
41.844   7.83047   -29.3896

Faces: 
1236   1237   1238
1238   1237   1239
1239   1237   1240
1240   1237   1236
1238   1241   1236
1239   1241   1238
1240   1241   1239
1236   1241   1240

Component 208
Vects: 
-10.3374   12.9761   -39.8463
-14.1037   8.44932   -42.4203
22.3477   -15.3521   -45.6112
22.6936   -11.9348   -49.4601
19.8797   -18.4885   -37.623
14.6503   -14.869   -36.8348

Faces: 
1242   1243   1244
1244   1243   1245
1245   1243   1246
1246   1243   1242
1244   1247   1242
1245   1247   1244
1246   1247   1245
1242   1247   1246

Component 209
Vects: 
45.8171   20.5508   -23.8869
40.723   15.2086   -25.7462
-41.1425   17.1146   -27.6615
-44.9454   20.5394   -31.9882
33.8759   30.9327   -19.4938
29.514   28.276   -17.9202

Faces: 
1248   1249   1250
1250   1249   1251
1251   1249   1252
1252   1249   1248
1250   1253   1248
1251   1253   1250
1252   1253   1251
1248   1253   1252

Component 210
Vects: 
-2.73541   -10.3824   -44.4024
-4.41713   -11.7297   -39.7716
28.0649   21.684   -37.9102
27.3264   22.0926   -37.5835
-11.881   -22.3091   -24.5387
-11.4625   -22.6769   -22.8909

Faces: 
1254   1255   1256
1256   1255   1257
1257   1255   1258
1258   1255   1254
1256   1259   1254
1257   1259   1256
1258   1259   1257
1254   1259   1258

Component 211
Vects: 
43.1099   2.10935   -47.3611
36.4499   7.67185   -46.6973
3.02556   13.9734   -34.6564
7.50782   12.4562   -29.9629
40.6685   24.6087   -49.4603
33.3945   30.2186   -49.4603

Faces: 
1260   1261   1262
1262   1261   1263
1263   1261   1264
1264   1261   1260
1262   1265   1260
1263   1265   1262
1264   1265   1263
1260   1265   1264

Component 212
Vects: 
5.81126   8.70413   -22.9385
13.2155   10.5828   -27.8627
-23.8818   36.2374   -41.9849
-17.7816   32.9058   -45.1987
-26.5004   -29.8102   -49.4605
-32.1587   -31.4498   -44.5868

Faces: 
1266   1267   1268
1268   1267   1269
1269   1267   1270
1270   1267   1266
1268   1271   1266
1269   1271   1268
1270   1271   1269
1266   1271   1270

Component 213
Vects: 
-1.73424   28.5246   -39.3719
-9.5074   32.527   -43.2741
-2.33755   -48.8341   -38.824
-6.46008   -45.8881   -38.0298
-15.3203   -6.93273   -31.2195
-12.5571   -6.03353   -28.1361

Faces: 
1272   1273   1274
1274   1273   1275
1275   1273   1276
1276   1273   1272
1274   1277   1272
1275   1277   1274
1276   1277   1275
1272   1277   1276

Component 214
Vects: 
11.0862   -31.9777   -27.9881
19.4038   10.3611   -28.4347
8.06249   -31.6579   -24.9245
16.0106   13.069   -29.9022
-32.5959   -26.4726   -31.1349
-27.2848   -26.3335   -26.9044

Faces: 
1278   1279   1280
1280   1279   1281
1281   1279   1282
1282   1279   1278
1280   1283   1278
1281   1283   1280
1282   1283   1281
1278   1283   1282

Component 215
Vects: 
-34.1177   -4.8638   -38.4007
-35.7092   -8.89076   -42.1985
24.4161   -24.8678   -29.9079
25.4432   -21.1155   -31.9272
-15.2873   22.1153   -31.3473
-20.1191   27.4651   -30.6075

Faces: 
1284   1285   1286
1286   1285   1287
1287   1285   1288
1288   1285   1284
1286   1289   1284
1287   1289   1286
1288   1289   1287
1284   1289   1288

Component 216
Vects: 
-25.662   19.4421   -42.7759
-21.3866   17.8632   -39.0784
-32.7014   -13.5022   -38.6915
-40.5672   -16.6012   -43.3176
16.9181   16.0572   -38.2905
10.0167   15.874   -33.4138

Faces: 
1290   1291   1292
1292   1291   1293
1293   1291   1294
1294   1291   1290
1292   1295   1290
1293   1295   1292
1294   1295   1293
1290   1295   1294

Component 217
Vects: 
10.6086   -1.59196   -27.3167
12.838   2.33924   -25.2935
-33.6804   -20.0017   -44.8619
-29.856   -16.7108   -44.801
37.7439   -0.106533   -32.8077
43.2255   2.46131   -28.2339

Faces: 
1296   1297   1298
1298   1297   1299
1299   1297   1300
1300   1297   1296
1298   1301   1296
1299   1301   1298
1300   1301   1299
1296   1301   1300

Component 218
Vects: 
12.8501   7.45038   -41.5954
12.2015   9.38044   -38.8221
16.9525   -26.6838   -29.3349
10.2875   -31.3787   -30.1878
27.2505   -0.0424404   -39.9009
25.3124   -4.12482   -43.6177

Faces: 
1302   1303   1304
1304   1303   1305
1305   1303   1306
1306   1303   1302
1304   1307   1302
1305   1307   1304
1306   1307   1305
1302   1307   1306

Component 219
Vects: 
7.52895   18.0163   -49.4607
14.1154   12.7942   -49.4601
13.6182   -31.3577   -26.7971
16.0788   -36.4629   -27.0792
-40.1437   1.47414   -49.4601
-44.4959   -0.961095   -44.8417

Faces: 
1308   1309   1310
1310   1309   1311
1311   1309   1312
1312   1309   1308
1310   1313   1308
1311   1313   1310
1312   1313   1311
1308   1313   1312

Component 220
Vects: 
-29.9191   -9.3088   -25.7488
-26.435   -6.70609   -26.5666
-16.3366   12.8547   -24.7821
-14.6867   13.659   -25.7863
18.97   47.2046   -34.1615
11.6466   42.2155   -35.64

Faces: 
1314   1315   1316
1316   1315   1317
1317   1315   1318
1318   1315   1314
1316   1319   1314
1317   1319   1316
1318   1319   1317
1314   1319   1318

Component 221
Vects: 
-17.2852   -18.4388   -43.9295
-21.0279   -18.7483   -39.8716
0.122224   -7.99728   -29.9095
-5.17423   -5.35515   -26.511
25.7374   -33.2907   -19.8421
28.5532   -29.4289   -20.8247

Faces: 
1320   1321   1322
1322   1321   1323
1323   1321   1324
1324   1321   1320
1322   1325   1320
1323   1325   1322
1324   1325   1323
1320   1325   1324

Component 222
Vects: 
13.3152   6.86462   -39.1461
20.3936   2.7126   -41.943
28.2023   -35.4441   -49.4601
29.0777   -36.2024   -49.46
-22.8008   25.309   -43.8423
-14.863   25.2991   -49.4611

Faces: 
1326   1327   1328
1328   1327   1329
1329   1327   1330
1330   1327   1326
1328   1331   1326
1329   1331   1328
1330   1331   1329
1326   1331   1330

Component 223
Vects: 
-2.27148   -39.4395   -21.5163
-6.69456   -36.4668   -23.6757
22.7112   -12.3429   -26.207
15.4911   -7.26927   -27.1766
20.8358   36.988   -38.3016
13.6426   32.3143   -40.9672

Faces: 
1332   1333   1334
1334   1333   1335
1335   1333   1336
1336   1333   1332
1334   1337   1332
1335   1337   1334
1336   1337   1335
1332   1337   1336

Component 224
Vects: 
23.5316   19.1103   -38.5071
17.6259   16.8449   -42.5055
-14.6495   -35.4884   -48.8592
-18.6975   -31.8319   -48.3286
-14.8563   4.60073   -32.3692
-14.5573   8.47931   -29.4103

Faces: 
1338   1339   1340
1340   1339   1341
1341   1339   1342
1342   1339   1338
1340   1343   1338
1341   1343   1340
1342   1343   1341
1338   1343   1342

Component 225
Vects: 
-37.296   22.36   -31.2971
-42.5666   20.1014   -28.2327
9.6138   -42.4969   -49.4599
3.08681   -42.6228   -44.8412
22.1858   17.5396   -44.8413
18.3756   14.2399   -44.8413

Faces: 
1344   1345   1346
1346   1345   1347
1347   1345   1348
1348   1345   1344
1346   1349   1344
1347   1349   1346
1348   1349   1347
1344   1349   1348

Component 226
Vects: 
44.0621   -14.0197   -39.3067
38.289   -19.0213   -39.0701
-35.8372   20.4185   -41.0046
-43.0866   24.9847   -37.7571
5.977   36.8299   -43.7559
12.5335   31.9001   -43.8419

Faces: 
1350   1351   1352
1352   1351   1353
1353   1351   1354
1354   1351   1350
1352   1355   1350
1353   1355   1352
1354   1355   1353
1350   1355   1354

Component 227
Vects: 
16.8951   -41.6183   -43.3948
18.603   -38.8601   -44.081
35.017   7.03815   -33.0714
33.3189   5.96272   -32.5365
21.595   20.7153   -44.0087
22.7543   19.5332   -43.6994

Faces: 
1356   1357   1358
1358   1357   1359
1359   1357   1360
1360   1357   1356
1358   1361   1356
1359   1361   1358
1360   1361   1359
1356   1361   1360

Component 228
Vects: 
36.3398   -20.8864   -41.0041
29.0644   -25.2514   -38.1786
19.8064   -4.19112   -28.694
12.5022   1.16471   -29.8639
-37.0599   -3.6749   -37.0791
-33.3939   -0.782406   -34.006

Faces: 
1362   1363   1364
1364   1363   1365
1365   1363   1366
1366   1363   1362
1364   1367   1362
1365   1367   1364
1366   1367   1365
1362   1367   1366

Component 229
Vects: 
-10.2699   -37.5358   -27.6703
-11.1   -38.3468   -27.1792
28.3265   -42.9962   -31.5505
20.4147   -42.5486   -25.9738
-11.2283   -46.4972   -27.6267
-13.3845   -43.5525   -22.8925

Faces: 
1368   1369   1370
1370   1369   1371
1371   1369   1372
1372   1369   1368
1370   1373   1368
1371   1373   1370
1372   1373   1371
1368   1373   1372

Component 230
Vects: 
-6.41005   -18.2231   -32.1201
-5.42967   -15.9781   -32.1092
-7.36419   -2.62864   -44.7247
-5.61899   -0.00577593   -43.579
-11.028   30.2921   -22.0341
-16.8377   26.1982   -18.2924

Faces: 
1374   1375   1376
1376   1375   1377
1377   1375   1378
1378   1375   1374
1376   1379   1374
1377   1379   1376
1378   1379   1377
1374   1379   1378

Component 231
Vects: 
-11.1021   -37.4232   -48.8505
-14.988   -40.6456   -44.4706
-43.0607   -5.54339   -49.3389
-49.2908   -0.0309281   -49.2611
-22.4674   7.00555   -46.3189
-28.1203   9.95893   -43.6253

Faces: 
1380   1381   1382
1382   1381   1383
1383   1381   1384
1384   1381   1380
1382   1385   1380
1383   1385   1382
1384   1385   1383
1380   1385   1384

Component 232
Vects: 
5.31916   -4.70803   -34.6524
5.42244   -7.68904   -38.8975
7.93772   -11.6608   -34.3538
4.63354   -11.8299   -38.2636
-34.5173   10.2728   -38.4973
-28.6724   8.60969   -33.1066

Faces: 
1386   1387   1388
1388   1387   1389
1389   1387   1390
1390   1387   1386
1388   1391   1386
1389   1391   1388
1390   1391   1389
1386   1391   1390

Component 233
Vects: 
-14.8909   7.32843   -49.46
-9.55504   2.70722   -49.46
-9.01824   18.096   -44.8414
-9.73659   17.4741   -44.8412
-6.33912   -34.8468   -22.3045
-7.49684   -35.0063   -17.8778

Faces: 
1392   1393   1394
1394   1393   1395
1395   1393   1396
1396   1393   1392
1394   1397   1392
1395   1397   1394
1396   1397   1395
1392   1397   1396

Component 234
Vects: 
21.1554   20.4136   -44.6684
27.9127   20.6406   -49.4602
-13.4529   42.191   -39.6642
-11.3903   43.6906   -40.3971
-5.508   -31.6146   -31.0957
-6.22178   -35.1862   -30.7435

Faces: 
1398   1399   1400
1400   1399   1401
1401   1399   1402
1402   1399   1398
1400   1403   1398
1401   1403   1400
1402   1403   1401
1398   1403   1402

Component 235
Vects: 
14.9566   -41.2   -26.4849
9.66833   -37.4731   -26.8485
23.0559   -26.5984   -25.8262
24.0315   -23.8534   -23.3314
16.7925   37.6324   -41.9586
13.3311   40.0115   -42.5459

Faces: 
1404   1405   1406
1406   1405   1407
1407   1405   1408
1408   1405   1404
1406   1409   1404
1407   1409   1406
1408   1409   1407
1404   1409   1408

Component 236
Vects: 
12.9602   -28.6579   -26.113
6.3947   -26.0963   -22.0179
13.5717   -28.7348   -40.1151
12.0809   -23.2704   -38.7871
7.92727   14.2281   -35.2401
11.4824   9.90515   -38.8718

Faces: 
1410   1411   1412
1412   1411   1413
1413   1411   1414
1414   1411   1410
1412   1415   1410
1413   1415   1412
1414   1415   1413
1410   1415   1414

Component 237
Vects: 
-0.44961   49.1923   -38.1414
0.12342   49.0813   -37.7459
32.4596   15.1549   -46.0968
31.3965   10.8622   -43.9426
1.621   -32.6038   -27.7671
7.10232   -31.3038   -33.1751

Faces: 
1416   1417   1418
1418   1417   1419
1419   1417   1420
1420   1417   1416
1418   1421   1416
1419   1421   1418
1420   1421   1419
1416   1421   1420

Component 238
Vects: 
-18.1623   -17.4307   -37.1922
-14.3078   -15.9201   -34.0522
-20.6179   -7.21538   -34.9245
-15.8739   -4.4624   -38.0685
13.7347   -21.988   -42.9703
12.2681   -20.0729   -47.5374

Faces: 
1422   1423   1424
1424   1423   1425
1425   1423   1426
1426   1423   1422
1424   1427   1422
1425   1427   1424
1426   1427   1425
1422   1427   1426

Component 239
Vects: 
22.3503   12.0838   -27.5504
26.3895   9.1389   -31.1311
1.38324   4.02621   -33.4561
7.50737   2.04377   -37.3078
3.56307   -29.563   -48.9506
2.899   -29.3675   -49.4602

Faces: 
1428   1429   1430
1430   1429   1431
1431   1429   1432
1432   1429   1428
1430   1433   1428
1431   1433   1430
1432   1433   1431
1428   1433   1432

Component 240
Vects: 
-27.6836   -8.4109   -49.4603
-30.2612   -8.48912   -43.804
40.6312   19.0481   -49.4605
34.7102   23.3075   -49.4602
-21.0282   24.0469   -37.9419
-14.2305   25.1934   -42.921

Faces: 
1434   1435   1436
1436   1435   1437
1437   1435   1438
1438   1435   1434
1436   1439   1434
1437   1439   1436
1438   1439   1437
1434   1439   1438

Component 241
Vects: 
23.1488   -25.2907   -21.3383
19.6338   -30.3906   -22.0176
8.75572   -43.4103   -43.8833
12.8797   -42.1221   -40.3316
37.1459   -7.08664   -37.2383
34.0565   -3.54382   -38.9133

Faces: 
1440   1441   1442
1442   1441   1443
1443   1441   1444
1444   1441   1440
1442   1445   1440
1443   1445   1442
1444   1445   1443
1440   1445   1444

Component 242
Vects: 
-22.6718   3.69325   -34.673
-21.9449   5.56756   -30.3274
36.2614   22.7283   -18.232
40.3718   23.1598   -21.1381
-30.0328   3.53095   -31.1743
-37.3632   -1.36799   -29.4185

Faces: 
1446   1447   1448
1448   1447   1449
1449   1447   1450
1450   1447   1446
1448   1451   1446
1449   1451   1448
1450   1451   1449
1446   1451   1450

Component 243
Vects: 
23.8397   13.4291   -38.49
23.3393   12.7514   -39.2086
2.3236   -21.0335   -33.6634
3.61847   -20.4663   -34.3871
13.6089   -39.7091   -49.46
18.2324   -43.2394   -45.39

Faces: 
1452   1453   1454
1454   1453   1455
1455   1453   1456
1456   1453   1452
1454   1457   1452
1455   1457   1454
1456   1457   1455
1452   1457   1456

Component 244
Vects: 
-16.56   43.8149   -31.3362
-12.8291   46.0666   -29.5593
-5.03694   12.7774   -33.0992
1.97538   12.4502   -28.1349
-3.92288   -27.4484   -24.1106
1.95766   -23.1967   -25.956

Faces: 
1458   1459   1460
1460   1459   1461
1461   1459   1462
1462   1459   1458
1460   1463   1458
1461   1463   1460
1462   1463   1461
1458   1463   1462

Component 245
Vects: 
33.426   -0.473912   -38.8996
30.6507   -2.48125   -43.8116
33.2486   -21.8869   -49.4602
38.9833   -20.3236   -44.8416
-8.25455   38.335   -38.7795
-9.85532   34.328   -37.5482

Faces: 
1464   1465   1466
1466   1465   1467
1467   1465   1468
1468   1465   1464
1466   1469   1464
1467   1469   1466
1468   1469   1467
1464   1469   1468

Component 246
Vects: 
-23.9295   35.627   -48.6807
-27.7873   39.6018   -49.4603
-8.66359   -33.0587   -28.2562
-14.3198   -31.2132   -23.2768
0.61198   -10.7775   -22.9963
-5.34996   -7.48947   -26.2161

Faces: 
1470   1471   1472
1472   1471   1473
1473   1471   1474
1474   1471   1470
1472   1475   1470
1473   1475   1472
1474   1475   1473
1470   1475   1474

Component 247
Vects: 
38.8493   -11.3308   -27.1241
36.7778   -9.89611   -26.7415
29.5707   0.251142   -22.3902
34.4621   -0.967275   -27.5597
8.64623   -40.707   -23.4965
7.75207   -45.3526   -23.8831

Faces: 
1476   1477   1478
1478   1477   1479
1479   1477   1480
1480   1477   1476
1478   1481   1476
1479   1481   1478
1480   1481   1479
1476   1481   1480

Component 248
Vects: 
-38.3939   -25.1988   -29.3447
-34.4727   -28.4614   -28.8926
-9.6452   -27.7162   -32.169
-2.24171   -24.8108   -36.7578
-39.5892   4.21318   -38.2992
-41.0288   -1.11899   -38.4788

Faces: 
1482   1483   1484
1484   1483   1485
1485   1483   1486
1486   1483   1482
1484   1487   1482
1485   1487   1484
1486   1487   1485
1482   1487   1486

Component 249
Vects: 
24.4838   -18.039   -44.841
29.4997   -20.1306   -49.4598
-34.2184   -16.7976   -33.9092
-32.4875   -18.9029   -28.8115
18.0397   -40.2367   -29.509
10.8317   -44.81   -26.6029

Faces: 
1488   1489   1490
1490   1489   1491
1491   1489   1492
1492   1489   1488
1490   1493   1488
1491   1493   1490
1492   1493   1491
1488   1493   1492

Component 250
Vects: 
17.1229   13.4069   -43.8569
15.2534   14.3076   -46.0468
44.5559   4.06723   -32.3843
47.6308   1.70348   -31.8665
-20.9665   30.2999   -25.5135
-18.8061   31.5602   -22.7313

Faces: 
1494   1495   1496
1496   1495   1497
1497   1495   1498
1498   1495   1494
1496   1499   1494
1497   1499   1496
1498   1499   1497
1494   1499   1498

Component 251
Vects: 
14.1567   -20.2698   -35.3814
13.9701   -18.5507   -35.0033
-10.6351   8.16512   -23.7668
-4.71215   10.985   -26.8641
22.9364   -33.1539   -35.0945
23.8255   -38.7149   -34.8055

Faces: 
1500   1501   1502
1502   1501   1503
1503   1501   1504
1504   1501   1500
1502   1505   1500
1503   1505   1502
1504   1505   1503
1500   1505   1504

Component 252
Vects: 
3.23394   42.4963   -24.9713
9.1445   38.637   -28.7363
-38.4662   23.0148   -38.4007
-45.6246   17.5384   -38.8155
29.2761   5.63507   -44.3185
28.9491   5.80197   -44.5762

Faces: 
1506   1507   1508
1508   1507   1509
1509   1507   1510
1510   1507   1506
1508   1511   1506
1509   1511   1508
1510   1511   1509
1506   1511   1510

Component 253
Vects: 
-25.7211   6.97498   -44.8411
-24.2392   3.79436   -49.46
25.4653   6.91341   -33.621
20.6744   2.21487   -35.182
-5.6303   15.7791   -43.9726
-0.302055   16.7768   -49.4604

Faces: 
1512   1513   1514
1514   1513   1515
1515   1513   1516
1516   1513   1512
1514   1517   1512
1515   1517   1514
1516   1517   1515
1512   1517   1516

Component 254
Vects: 
4.83805   -31.499   -22.9117
1.10634   -32.0615   -28.4585
-19.7695   -24.0538   -24.3302
-18.1475   -28.2509   -26.4468
-11.1023   -2.04388   -44.8419
-9.94287   -1.0395   -44.8416

Faces: 
1518   1519   1520
1520   1519   1521
1521   1519   1522
1522   1519   1518
1520   1523   1518
1521   1523   1520
1522   1523   1521
1518   1523   1522

Component 255
Vects: 
-14.8878   23.0826   -37.5395
-21.8677   28.4287   -37.1377
-18.3575   -0.739752   -43.3006
-20.9228   3.6357   -42.9831
-8.41251   -33.6661   -35.2257
-3.82327   -30.3557   -33.0762

Faces: 
1524   1525   1526
1526   1525   1527
1527   1525   1528
1528   1525   1524
1526   1529   1524
1527   1529   1526
1528   1529   1527
1524   1529   1528

Component 256
Vects: 
-17.2377   -42.1799   -15.4247
-16.281   -40.4295   -17.7493
19.2531   -21.4332   -26.2578
16.3958   -17.1368   -24.0723
20.364   -23.6467   -33.8657
19.7939   -26.0538   -35.0606

Faces: 
1530   1531   1532
1532   1531   1533
1533   1531   1534
1534   1531   1530
1532   1535   1530
1533   1535   1532
1534   1535   1533
1530   1535   1534

Component 257
Vects: 
9.63209   -5.55057   -22.1457
9.78474   -5.67423   -23.3704
-43.55   -13.8456   -37.2538
-47.0774   -10.9176   -32.414
7.90137   -28.8095   -44.4035
3.81362   -24.2777   -41.5961

Faces: 
1536   1537   1538
1538   1537   1539
1539   1537   1540
1540   1537   1536
1538   1541   1536
1539   1541   1538
1540   1541   1539
1536   1541   1540

Component 258
Vects: 
-13.8488   39.7991   -27.0987
-20.6777   40.9235   -22.1031
-4.91403   -36.1388   -23.9498
-0.743482   -33.8061   -26.0708
11.757   -8.87392   -31.8931
17.8837   -9.04417   -26.9624

Faces: 
1542   1543   1544
1544   1543   1545
1545   1543   1546
1546   1543   1542
1544   1547   1542
1545   1547   1544
1546   1547   1545
1542   1547   1546

Component 259
Vects: 
-1.41668   -26.2951   -45.663
-4.46398   -27.6805   -44.0102
-6.10058   -42.0029   -32.7495
-0.87156   -38.9571   -35.2338
7.68954   -26.816   -38.9965
7.38693   -25.5178   -33.9989

Faces: 
1548   1549   1550
1550   1549   1551
1551   1549   1552
1552   1549   1548
1550   1553   1548
1551   1553   1550
1552   1553   1551
1548   1553   1552

Component 260
Vects: 
6.95106   9.16716   -49.4603
11.523   5.55711   -49.4602
-21.4729   40.6707   -44.8416
-17.4829   38.0845   -49.46
40.3836   -23.5244   -22.0158
39.3515   -23.7785   -23.4599

Faces: 
1554   1555   1556
1556   1555   1557
1557   1555   1558
1558   1555   1554
1556   1559   1554
1557   1559   1556
1558   1559   1557
1554   1559   1558

Component 261
Vects: 
-1.86473   28.1993   -26.1274
0.340596   24.2225   -24.3885
17.1036   -12.7254   -29.277
23.0994   -10.6812   -33.5293
-4.56627   -20.0043   -34.1359
-1.31484   -22.4197   -34.4559

Faces: 
1560   1561   1562
1562   1561   1563
1563   1561   1564
1564   1561   1560
1562   1565   1560
1563   1565   1562
1564   1565   1563
1560   1565   1564

Component 262
Vects: 
-22.8273   -11.6615   -34.2198
-24.0969   -15.439   -37.1579
3.43181   -39.855   -43.5679
-1.25465   -36.2845   -43.9348
11.7011   -0.235743   -38.1091
6.12276   2.88292   -41.0737

Faces: 
1566   1567   1568
1568   1567   1569
1569   1567   1570
1570   1567   1566
1568   1571   1566
1569   1571   1568
1570   1571   1569
1566   1571   1570

Component 263
Vects: 
2.18692   42.8306   -41.3468
-1.96622   46.2417   -43.0464
16.7099   -31.7267   -31.1433
9.46288   -36.819   -32.1483
-45.6313   10.3756   -30.8097
-44.5053   4.99825   -32.3574

Faces: 
1572   1573   1574
1574   1573   1575
1575   1573   1576
1576   1573   1572
1574   1577   1572
1575   1577   1574
1576   1577   1575
1572   1577   1576

Component 264
Vects: 
-28.6025   -16.4966   -49.46
-34.5934   -11.0124   -48.2466
-3.86229   -29.156   -26.4951
-7.55395   -28.9225   -21.1566
-4.49002   -11.2492   -37.1536
2.34684   -8.76174   -32.4643

Faces: 
1578   1579   1580
1580   1579   1581
1581   1579   1582
1582   1579   1578
1580   1583   1578
1581   1583   1580
1582   1583   1581
1578   1583   1582

Component 265
Vects: 
15.0323   36.0133   -26.656
8.18657   30.4939   -27.8906
25.638   -18.8251   -39.0656
31.7877   -15.7928   -34.3521
-5.00593   -23.707   -27.7466
-8.71137   -23.9367   -33.0872

Faces: 
1584   1585   1586
1586   1585   1587
1587   1585   1588
1588   1585   1584
1586   1589   1584
1587   1589   1586
1588   1589   1587
1584   1589   1588

Component 266
Vects: 
-11.4712   -30.1937   -31.5697
-8.57338   -28.5098   -29.212
21.4825   42.7394   -35.5693
19.9653   37.8141   -34.3313
-39.5264   -1.9982   -39.2832
-46.8423   -7.33002   -38.7165

Faces: 
1590   1591   1592
1592   1591   1593
1593   1591   1594
1594   1591   1590
1592   1595   1590
1593   1595   1592
1594   1595   1593
1590   1595   1594

Component 267
Vects: 
-13.5489   20.2743   -32.87
-11.5078   16.4793   -30.7229
43.2611   7.42025   -37.4524
48.2775   2.58955   -37.9678

Faces: 
1596   1597   1598
1598   1597   1599
